file_id	B_cells_naive	B_cells_memory	Plasma_cells	T_cells_CD8	T_cells_CD4_naive	T_cells_CD4_memory_resting	T_cells_CD4_memory_activated	T_cells_follicular_helper	T_cells_regulatory_Tregs	T_cells_gamma_delta	NK_cells_resting	NK_cells_activated	Monocytes	Macrophages_M0	Macrophages_M1	Macrophages_M2	Dendritic_cells_resting	Dendritic_cells_activated	Mast_cells_resting	Mast_cells_activated	Eosinophils	Neutrophils	P_value	Correlation	RMSE
0b401bda-9984-404c-99a6-6acca9eb945c	0.0671020455644646	0	0.0180754844468733	0.0912562835704248	0	0.171431427576111	0.0783995789673015	0.0513101159980061	0.0177587910594021	0	0.0580607782990525	0	0	0.165171144093577	0.030691548667354	0.0903490792316076	0.00332368815981749	0.0241859447422126	0	0.105319763600606	0.00598826445377562	0.0215760615694144	0	0.538333618911841	0.850701027987897
8b49841c-8199-425f-baa7-0a499615a1e1	0.023931255681987	0	0.0118387448221472	0.0862082968203232	0	0.143177458987888	0.0249497386567064	0.0352177095014668	0.0465348576135846	0	0.0176918110596269	0.0117711358572888	0	0.380539498518289	0.0739449326340243	0.111834816970087	0.00484197794969999	0	0	0.0275177649268808	0	0	0	0.745466966181945	0.712238140192801
bf710356-75d2-404f-b84f-60adbb2969e3	0.0260611301736506	0.0317161014725024	0.00485417752445155	0.0163322494930661	0.0124772167956972	0.263569330417069	0.044973532252705	0.018572415200022	0.0254332798025678	0	0.0625663540288118	0	0.00454575110204182	0.278563265128732	0.0215145446393529	0.0885376194368313	0.00411573978034303	0.0476188519065062	0.00987247029695534	0.0386759705486945	0	0	0	0.497845081136965	0.868838780316873
d309d103-5eb1-44b5-aa03-ec387033d0a4	0.0468714299398091	0	0.00373881500360015	0.0649887842853879	0	0.125395038395369	0.101713104071334	0.0128729789364582	0.0303243513817669	0	0.0460276175644345	0	0.0127039486319813	0.260973185005682	0.046345492742638	0.0941954943832049	0.0131074609068651	0	0.00202290119222555	0.0313615437404705	0	0.107357853818772	0	0.551176202288288	0.841253149945689
0ce8638a-27b3-4d1c-bf15-7278dcff4c2b	0.0491886057264836	0	0.00101403134743694	0.124221543264231	0	0.106252729216194	0.0940397568731485	0.069392390996566	0.0473728260937902	0	0	0.038431390987401	0.0121131041048349	0.118765032245771	0.0656191284074848	0.155637334214511	0.0492874694940442	0.00607022485279039	0.0537384178460312	0.00544941894612635	0.00176144350918596	0.00164515187396865	0	0.638140481424893	0.80544018340875
c15e4f0e-90d3-4e2d-833d-4ec71a6ca959	0.036045202459874	0.0236957632456745	0.000599908573125683	0.0763690603108806	0	0.253212177794031	0.0647747315676326	0.0182759701716345	0.0951520564524266	0	0.028797258238443	0.0669530119830071	0.00990526097996328	0.158477314253415	0.0442966840985085	0.051164260551587	0.0157367225619467	0.0169394794827493	0.00167823328017543	0.0239695726197173	0	0.0139573313752078	0	0.476069097294442	0.878970034817718
f69b6091-150c-47e7-a606-c7d4e92eed57	0.182863671558311	0.0486912825997903	0.0231691242875138	0.10335174737659	0	0.164980954888778	0	0.0548882168208158	0.0586639681566212	0	0	0.0241372419675095	0	0.0810581852415146	0.0182380614619386	0.100152375712684	0.0309711609800366	0.00820115209173747	0.100632856856159	0	0	0	0	0.602615745929186	0.814831613214072
37df2668-6e55-4e7e-91fe-fa6fa34f82a7	0.0690736846091541	0	0.00396454612254429	0.0915251638464815	0	0.166930489081229	0.0710132600449962	0.0626329509131526	0.0412030604403355	0	0.014920197457541	0	0.00317398892041984	0.121533725559746	0.0440975929447372	0.0868747927527576	0.123543403927656	0.0380193189632685	0.00582193327403194	0.0341629686304911	0.0215089225114568	0	0	0.603819888310525	0.823759757308897
74a4b5a9-6c17-4d70-92a7-9cc59754864a	0.0801651169360466	0	0.0477660893924165	0.0528083570267144	0	0.238081655610475	0.0617241852954833	0.0316336315562769	0.0307486364190934	0	0.0398753010134237	0	0.00399229190845865	0.124746450804222	0.0434022218619428	0.1485311873923	0.0462646059327803	0.00458788520902144	0	0.0343816045533189	0	0.0112907790880261	0	0.549967528066544	0.847674835121394
48a04271-824c-4689-8a41-4aeeb4c6da04	0.058877952289733	0	0.0427346551058141	0.1358782408601	0	0.127354149727773	0.0404342938178364	0.0355204287250629	0.0455916647288444	0.00199738140623166	0	0.00530774681435067	0	0.285566331808399	0.0817830919387825	0.0943516199533747	0.0105638269613076	0.00211025854042094	0.0197994338950847	0.0121289234268843	0	0	0	0.412407313430895	0.910958556268788
257c0742-94fb-41db-b50e-4d17234dfb95	0.0741861683555963	0	0.0308571952936857	0.0494279082862741	0	0.114102639749244	0.106753254410755	0.0382560242264759	0.0587482572118087	0	0.0559248599896321	0	0	0.256927153227899	0.052485627715064	0.113503064670256	0.0160673565930463	0	0.00924458437324433	0.0179929493300337	0	0.00552295656698438	0	0.75548709129356	0.735952905916724
879612ea-690f-4bc6-97e5-01046a2b46e6	0.0758438970091972	0	0.011475468293161	0.0836281316067974	0	0.188551238137313	0.0417392209271012	0.0399433165676101	0.0747919793627943	0	0	0.0252414350445509	0	0.172940119001404	0.091426255000776	0.128081511558514	0.0375378252620331	0	0.0146384969747893	0.013696910400085	0	0.000464194853873935	0	0.530943961911786	0.853175518876028
f654eb85-e9aa-4e9a-8b17-2f5cfd45e063	0.0496646002257218	0	0.0190793643158023	0.0588060917098029	0	0.251369156806565	0.0460436592492272	0.0211985498456459	0.0382702158998739	0	0.016306302168421	0	0	0.282065069004725	0.0439695304832993	0.0913641017396399	0.0186555853306228	0	0.0445980515342479	0.0186097216864051	0	0	0	0.663327346309731	0.781360492482984
cc60c38f-d789-44a5-ae2f-f90f9a438634	0.0671393732658576	0	0	0.0130986639470893	0	0.162211450214965	0.00361554434844608	0.00901862051216462	0.0348792255677512	0	0.017108356687679	0.00545222143157688	0.00172622899293622	0.366706299029223	0.0415879230745279	0.201818974892246	0	0	0.0501552696810134	0.00501215873509829	0.00612291773556162	0.0143467718838635	0	0.847913810777896	0.640032103942264
5dbe3e1e-179e-41cd-8e85-ab7336cc0b19	0.0374158713830239	0	0.00680628366217705	0.120653490902354	0	0.0328383962612077	0.0363780281593839	0.0498628026507795	0.0955449992892684	0	0	0.00985991879782033	0	0.34185044347121	0.046462398096614	0.128396416204363	0.0139991138776945	0	0	0.0703891816572375	0	0.00954265558686688	0	0.755156028791013	0.712736114782358
57eb4718-3ccd-47b5-b4d2-ba37595e946a	0.0586932204525775	0	0.0323836944932462	0.0616159507031297	0	0.227980763628254	0.0137710324241994	0.0409538794930044	0.0595380205172141	0	0.0157385358629269	0.0215218837551055	0.00779650408405953	0.123856761332672	0.061992621597432	0.138191178067842	0.0693696189054009	0.00501235841725505	0.0601171091482277	0	0.00146686711745307	0	0	0.451813948928625	0.893115424341778
fd97e496-2071-4a24-9267-aac611222d12	0.0391311101139907	0	0.0155301093550547	0.0627678179609881	0	0.269969368040649	0.0221164149554311	0	0.00815695045573183	0	0.0384329528396003	0	0	0.220072792830078	0.0360321850484014	0.135873225763358	0.0189621053549014	0.00606436338148005	0.0186591249211342	0.0379826667108104	0	0.0702488122683905	0	0.700260593953419	0.762085766251454
74b0ab15-eae8-4113-bb3e-6e77d8777122	0.0191121923196228	0	0.00442648613940291	0.228856410041907	0	0.103444574926239	0.0289424037530879	0.0155850508870307	0.0440066130353485	0	0.00514072496059141	0	0	0.284763856006827	0.0449966273355541	0.181992060333146	0.00587438004307831	0	0.0119912484044957	0.00754055796621171	0	0.0133268138474567	0	0.848443209336395	0.64933471207069
0b2e5ffc-3a7f-4178-b0c7-c63c55ca91c4	0.0831947699330252	0	0.00738915088302927	0.0881222017198688	0	0.0787792408189497	0.0616628006332751	0.0111627146365854	0.0605578275004734	0	0.050466973890149	0	0	0.243526162899434	0.0715733719408465	0.170906989736036	0.0342507999863991	0	0.00210357104911687	0.0145835879673057	0.0100157766129604	0.011704059792545	0	0.702943879658959	0.761501688754712
65644170-e9da-4222-a569-813501b75432	0.0596625424399406	0	0.00703979228165954	0.158490274188311	0	0.162273634728241	0.0553835224455908	0.0334502346662027	0.0787097543622008	0	0	0.0260319983934319	0.000673265852405266	0.229333348525237	0.0466748200632557	0.0867693173711037	0.0257205199900519	0	0.0054032107006145	0.0102161360008016	0.0137676471463743	0.000399980844577954	0	0.608072484784498	0.809911024691889
8b2029c0-2961-4c7f-bf1b-bd76727f98af	0.0295792993283336	0.0206360675882751	0.018645426116141	0.0279360510180363	0	0.198086530166879	0	0.0236456264514424	0.0642516022049022	0	0.0217495178468968	0.0101537033519354	0	0.251561464317294	0.0301964453236743	0.177599374917747	0.037253388682333	0.0142475960645579	0.0141077162849132	0.0329115424888417	0.00576924397271024	0.0216694038750859	0	0.555747525578925	0.839629184718043
2c9301be-9633-413f-97e4-17c11c9cd45d	0.13495538924834	0.0305498456318513	0	0.119489639931631	0	0.248466637162519	0.00408666871284964	0.043761702611357	0.0708488440996078	0	0	0.0261268980811063	0.00992880624692693	0.106480846938161	0.0267405692420191	0.114512402445956	0.0156140806438888	0.0217741805509938	0.0198766207796189	0.00630341747357338	0	0.000483450199600318	0	0.564350643347115	0.832999762352853
5ea30390-88f8-4abf-8f44-f0648436a0df	0.0146815172551916	0.0300791071715254	0.0140596209014847	0.0419212955655156	0	0.135087039004639	0.0505618134011269	0.0253286281745128	0.0460193464903059	0	0.0224227698247302	0	0.00158499470716414	0.293831996835459	0.0690025978964742	0.147951734094501	0.0348978447547786	0	0	0.0683241657231215	0	0.004245528199469	0	0.736604525096347	0.734020129047646
6ec3d218-83b5-4679-8d9d-41a86315b7df	0.0983065178778891	0	0.00767625235849758	0.182713682428363	0	0.110558267253553	0	0.0413668391061422	0.0878149699698666	0	0	0.072394070475875	0.0144398698311744	0.115675598365201	0.0918890568156661	0.133834153438587	0.018136736326072	0	0.00181796704353268	0.02337601870958	0	0	0.001	0.404112093365744	0.915027785432512
7b229401-3225-4339-b620-2e44a3639414	0.0201066149470899	0.0103418587372774	0.00159887027685001	0.0287907695952454	0	0.189973622940569	0.0195304675205993	0.0155977175011863	0.0309608651627885	0	0.00146647679263511	0.0351843163621407	0	0.374083443384252	0.0435250148494226	0.158356985665703	0.0248927039834554	0	0.0429753433724966	0	0	0.00261492890828909	0	0.770238133533722	0.697834858693019
f9456f03-9967-40da-a1df-9f5c60eeffd7	0.0258249873496748	0.00741214318080409	0.000300267287215449	0.0520223570370559	0	0.0988133487652395	0.0341964062775112	0.0209449135467317	0.0917842329119367	0	0.00752780268493014	0.0173361562631703	0	0.345894382999368	0.0364467384654053	0.14451638839027	0.0174135531717155	0	0	0.0824086470917164	0.00474502246622411	0.0124126521110314	0	0.793150318700094	0.684143974400944
93be2945-a8ed-48c6-8835-0d4c2f007334	0.0230384986057436	0	0.00253951988524356	0.0177337329266411	0	0.0959121577968878	0.0416133071711587	0.00836687926694605	0.0345437402308335	0	0.0385223312004401	0	0.0100672410829879	0.410688924520082	0.0475853280169482	0.154510544351919	0	0.0137210140433679	0	0.0769212344346123	0	0.0242355464661887	0	0.815566879927769	0.649420339075357
edd2527b-92b0-4c30-8458-d9c568f48c1b	0.0388441578327864	0	0.0103167256475793	0.0541351976166081	0	0.152785445365294	0.139558756978532	0.00621011742474258	0.0178894749640599	0	0.0203685706671441	0.00704329255404013	0	0.30094775076637	0.0670767145725598	0.122942823453889	0.000808068499213954	0	0	0.0319135119054846	0	0.0291593917516956	0	0.690597700407687	0.762975581367036
54a61d82-2052-4651-8b17-e035fd09bc4c	0.0834246229285555	0	0.0135875562495744	0.151181275193753	0	0.0661577258151888	0.0659661786124021	0.0730504009221609	0.0572730657409445	0	0.0341621536471159	0.00718019475261359	0	0.203581322695313	0.108031003404042	0.103993271480463	0.0166055008766136	0	0	0.0158057276812594	0	0	0	0.720174493173108	0.748201601810376
2c9b6da6-3168-4429-9abf-ed953f4e2b53	0.0382836513869061	0.0378874968624586	0.00360207682676868	0.0295988414795645	0.0086997628772402	0.113468719472653	0.0409969162587855	0.029663762130416	0.065425459676337	0	0.0782652419117357	0	0.0197031979615355	0.274097412514217	0.0572726431209992	0.0734935981018391	0.0308393785156504	0.0054018025879746	0	0.0761568839366909	0	0.0171431543782279	0	0.439170419669985	0.897765760744853
a00bb3a9-e2f2-42a7-849f-483d782319e7	0.0285285624374372	0.0122632177821175	0.0127194036833842	0.0338869302830648	0	0.197640687745514	0.0568118646661787	0.0240320799684917	0.0477781188091958	0	0.0263164831136271	0	0.00728789124574343	0.267641601566466	0.0951735528845034	0.112370759334626	0.0390833574745364	0	0.0384654890051149	0	0	0	0	0.559634828728148	0.837939543682183
017dd171-3e6d-452e-bccd-b8e55e87b7f1	0.0291180157102075	0	0.00323882659197132	0.00984138682026469	0	0.0795192568321243	0.00466715917785635	0.00472341982914366	0.00678855373097979	0.00261556815251874	0.0254476141063913	0	0.0115977233541123	0.321491903118503	0.0287565697758324	0.134890434406256	0.00109500517706295	0.00859041533870225	0	0.192228203721296	0.00990864882361767	0.125481295333161	0	0.712312029081517	0.722358055274282
41afaaab-abf6-4557-a206-bfe212f81557	0.0660007232432718	0	0.00412387051792335	0.143908043613837	0	0.0895109077381135	0.0650978562051997	0.0389870675373644	0.0934792643038913	0	0	0.019303122261564	0	0.223732003741705	0.0598947057213077	0.109886331191792	0.0189502634148591	0	0	0.0671258405091709	0	0	0	0.536465501738447	0.8493441798185
d24b70c1-7159-4c54-9a44-52fc0ea0a364	0.0827767580992236	0	0.00175639871341424	0.0355646480028897	0	0.178996676446386	0.0760998069300805	0.0393943345575719	0.016338213002748	0	0.0442174536045501	0	0	0.267291157071109	0.0782604671412132	0.102045078454765	0.044307986895134	0.00140784899067111	0.0125434911155465	0.0146705856672389	0.00404269369115178	0.000286401616305874	0	0.768929145365725	0.723537369760717
85ba5f54-8931-4c50-b58b-49846dd77113	0.0855448885133023	0	0.022804357656113	0.0606169414196443	0	0.298319690347194	0.0264425017088663	0	0.0178768157894489	0	0.0204390306662286	0.0106132132854245	0.00185889961663164	0.189330077813363	0.0924809427467305	0.107239043869021	0.0178635966691932	0.00224408942357769	0.046325910475261	0	0	0	0	0.561934091210042	0.837524793558041
7f8fad9c-f810-4e5d-9fe5-3169c04c877e	0.0330948581445615	0	0.123390754280159	0.0890254720396425	0	0.126478198706755	0.0561913574045573	0.034622060937766	0.0387706490766612	0.00610153020004923	0	0	0.00924276860942378	0.173248844229859	0.0508379587282602	0.146318934722213	0.0539426605039449	0.000470294339841566	0.0375941842828974	0.00447800200634797	0	0.0161914717870594	0	0.586323000391638	0.829459264986409
a4fd5efb-5558-473d-bcd7-35924ac303ee	0.0858382744391123	0	0.0030743396319247	0.0477610848583304	0	0.144833469456128	0.065590059688384	0.0374684657999689	0.0472758413526673	0	0.0196793354344146	0.00115190057566106	0	0.2891849593767	0.071133654261113	0.147410778758689	0.0201472440111674	0	0.0126347193269526	0.00681587302878624	0	0	0	0.559066581655194	0.836707577044184
4fcd18dd-13c5-4809-85c3-803fb1fe6a74	0.0415102817908518	0	0.0129741135558538	0.0621285972459329	0	0.113705036753682	0.0276495353605079	0.0486395064952737	0.0540373306877883	0	0.0258933722309358	0.00483825285458505	0	0.297759049691828	0.0788172330143471	0.162789061054952	0.0359016555335234	0	0.0179612962110701	0	0.00521369694940987	0.0101819805694582	0.00900000000000001	0.236907201632401	0.994608822541896
95ffede8-754c-4976-950b-80aa20246b2c	0.0643994252404933	0	0.0206030927199419	0.0514648949249429	0	0.22628853761531	0.0361382225935417	0	0.0390225670489071	0	0.0611386115005327	0.00428000557064533	0.0194520157205395	0.204588924996346	0.0389227583330758	0.160125947361133	0.0199816774327652	0.0118116128829876	0.00648791850780504	0.0352937875510328	0	0	0.001	0.359581818737729	0.934388728174017
da3b4416-7085-46b7-b4d4-3975e26b5642	0.0319718290512674	0	0.0416017292488739	0.14815421149659	0	0.0985739954781297	0.100559631467165	0.0205046916806011	0.0366684075379903	0.0245651473871111	0	0.0127990950376722	0	0.260312150999675	0.077411510564304	0.103599729898509	0	0	0	0.0320095106584696	0	0.0112683594936416	0.001	0.373075654218467	0.92951155306517
aa809451-5906-41f5-bb0d-0466ed72b0b4	0.028367412623374	0.00567196761235409	0.0142307284732316	0.0821744335897142	0	0.167768458398567	0.00949658826998388	0.0352124789026105	0.0570975856826681	0	0	0.0272002548993529	0	0.266711438172903	0.103501475096658	0.139105268911202	0.0247977194081487	0	0.0386641899592324	0	0	0	0	0.568126137837576	0.830749228616288
6adf4dcf-f013-43a4-b726-dbb03f7f49f0	0.0321959992466746	0.0322232519532603	0.00630138656472526	0.0433451848542706	0	0.156210897411481	0.0527692698412047	0.00551861394709462	0.0467767298390802	0.00140938489778723	0.0329384706913784	0	0	0.425395920852342	0.0404139159304847	0.100489562479629	0	0.00255215025948927	0.017756511057532	0.00370275017356682	0	0	0	0.58771876744283	0.814063452370761
c50034fe-06ec-4192-9be2-b156a549d90a	0.0838919124465402	0	0.00631899133390922	0.0635371356741905	0	0.257695869161023	0.0305765397501447	0.0487624893455041	0.0961107762457865	0	0.046442151670752	0	0.0170685582430436	0.162912681071596	0.0506348888263647	0.0808572030139895	0.0192049872161424	0	0	0.0359858160010131	0	0	0	0.621677323587844	0.804095210706753
06826880-3e73-4e50-ba02-5d7f09418a40	0.054411541593703	0	0.0172909649309469	0.0926028172661877	0	0.161645414368192	0.096206728218864	0.0193362860187841	0.020242425830407	0	0.0656607849821277	0	0.00932602772046407	0.152085265593681	0.0534298785988785	0.172640241666075	0.0438218382316543	0	0.0275623431589844	0.00307227376223345	0.00518828322964669	0.00547688482917006	0	0.489111695995419	0.876441812782548
9a2bfae6-4e26-4779-8139-f9599818d272	0.0425998442852541	0.0230136887329212	0.0451323169798857	0.137312596530484	0	0.19690965596348	0.00729924260519443	0.0452113837998063	0.0749786670416898	0	0.00897504872151536	0.0519804857457155	0	0.168002317726888	0.0358682601889468	0.10653407377367	0.0235195065731509	0.00646705528487113	0.0107743732561386	0.0141306444017063	0	0.00129083838868176	0	0.435739062460151	0.899368128206602
21d5d6ba-5ea4-40d9-a867-130ae5336490	0.0689073335948425	0	0.00917692547491419	0.0416842620296672	0	0.120524673231197	0.0232859382296057	0.0339518411379859	0.0467589011669554	0.00438402270491647	0.0227586238304285	0	0	0.31521161294513	0.044594378085002	0.163528676034295	0.00107882895126026	0.0316521577411853	0.0540516303012521	0.0175761870084594	0	0.000874007532903791	0	0.548507514965061	0.841633749719098
cc0c27bf-60da-4112-bee6-4b7046f2bbb8	0.034367387005587	0.0231514792935119	0.00447410277426751	0.108765450502303	0	0.160025638258996	0.0370864035539145	0.0128365634773739	0.0890610137228749	0	0	0.027872659137987	0	0.281374231540407	0.0438530338944655	0.115218043184897	0.0168979875400392	0	0.0450160061133755	0	0	0	0	0.528507040151089	0.852833465677533
13b3bddc-29b1-4c3d-95b7-8d8e21b2ad3d	0.042920688956703	0	0.000675181516306281	0.0782543609884113	0	0.2478329003615	0.158305748812158	0.0391625567430462	0.0155531627391421	0	0.0754580791228343	0	0.00316895142819833	0.103499413624199	0.0864829918751964	0.0767038181615435	0.0208656513269198	0.00824620145946564	0	0.0407685022482235	0	0.0021017906361526	0	0.641455476126205	0.7936780796296
c99ce566-0135-4c12-b548-56f4bfb33e56	0.041626012460992	0	0.00499709667023976	0.171577036907279	0	0.0795227299874855	0.121770856925073	0.0544475518371425	0.00410583463596961	0	0.0267065083578809	0.0162172440737683	0.0120720001863894	0.125677543953598	0.105193243368475	0.153250559980918	0.0290142331494614	0	0	0.0336707890154743	0.00638985971831483	0.0137608987715384	0	0.55975466917591	0.839382570401197
73f16b07-863a-474f-8caf-18bab99e9da9	0.118950489465651	0	0.00801554153658204	0.0879760548459	0	0.193848547361893	0.0267952794402045	0	0.056779755423424	0.00777173659574864	0.0131774381732284	0	0.0635858098417226	0.141420316638092	0.0559480833761044	0.15145001579049	0.0426884146092601	0	0.0315925169016985	0	0	0	0.003	0.351671133156048	0.936783482492809
e6cd2ec4-4abf-4ce1-8396-73681714b7fe	0.0532003655606301	0	0.00866091383734484	0.0337216480990488	0	0.218361991799404	0.120499783263387	0.019553884150851	0.0482510823595003	0	0.0555274841028956	0	0.0115424990967374	0.166567889764644	0.0578140090771092	0.109211078181811	0.011733008046198	0.0343066803095561	0	0.0487506272973631	0.00170963756967779	0.000587417483843021	0.001	0.38762363629118	0.92150657257478
01004ae4-1aa1-40af-ad79-3a1c1ca8a527	0.037393816352653	0.0131509772134759	0.0345310329770421	0.0572981916045593	0	0.205221538995855	0.0758432602927112	0.0501420551844685	0.0283010183385738	0.00138404407668996	0.0135554131697171	0	0	0.259492532471747	0.0652852219482171	0.100605407812831	0.0261142062267847	0.0146601450691361	0.00177116320934203	0.0152499750561969	0	0	0	0.478340556249224	0.878958559659709
870133a4-4fec-4735-926a-f35c337b6b8a	0.0308135567302555	0.00994418975509259	0.0379493184079723	0.0880470714851189	0	0.220510308449522	0.108564741872554	0.0110412988465093	0.044700246960759	0	0.0371031587393473	0	0.00582714789761423	0.111051527601045	0.0323588628183204	0.167754532988278	0.0158771963281058	0.00788601019303298	0.00406716746109684	0.0249237329826173	0	0.0415799304827591	0	0.551320676531622	0.846872813923402
d7413273-71d0-4173-a8f1-b9312d4b383a	0.218655100205617	0.115441597588904	0.036651101846031	0.0918587272327757	0	0.159644725846195	0.0082891318257484	0.0711323839556409	0.0252182102621687	0	0	0.0180770994850552	0	0.0814718129931503	0.0145179144308021	0.0893719457212225	0	0.0133553216592465	0.0541570464123397	0	0	0.00215788053510266	0	0.701778732065116	0.742491219069333
ad23ca07-f4e4-4633-baef-b8452aaf4c78	0.0562904084953762	0	0.0600102785296103	0.113100202382429	0	0.137881357750216	0.00767689995842386	0.0242733374301402	0.144867886117685	0	0.0223436529617672	0.00260262399339652	0	0.244706263991127	0.0396203028874886	0.0885333811215936	0.0191675094739571	0	0.0142712603580997	0.0114675713619734	0	0.0131870631867169	0	0.47834313797711	0.878413279961099
95e91400-a892-47b5-a0f0-c7bf0159348c	0.0609681488108198	0	0.0403788463566759	0.0793906174857853	0	0.212937104813095	0.0309291701541828	0.0392011638772528	0.0414917331047155	0	0.00818659385599087	0	0.00344332285418639	0.172394683370452	0.0682800435622011	0.113878735211862	0.0496908189571875	0.00950215175455546	0.0414392977613369	0.0104337803732884	0	0.0174537876964118	0	0.410942420392564	0.911023342388041
61d20592-f798-4714-ae9a-fa40b968bf18	0.0626870538675463	0	0.00625304616343398	0.0340354609322721	0	0.229840548907707	0.0610193811389998	0.0284119794362908	0.029136861472895	0.00266731992472593	0.0525294986493746	0	0	0.193336310858352	0.0276928612951924	0.100297937780698	0.00313345637903495	0.0265418946265748	0	0.100840612190809	0	0.0415757763760931	0	0.513713376967809	0.862248394489221
e9734650-f108-4ba4-8b03-27cdcc48e92a	0.0476963808846981	0	0.0342483752287305	0.0849977112113043	0	0.162725415171453	0.017312097432596	0.0291834135155558	0.0822482618602021	0	0.0314484138179524	0	0	0.238490801349255	0.0732323954101809	0.142988032441685	0.0167124051795766	0	0	0.0355836308207745	0.00110608305433704	0.00202658262169947	0	0.501824494733392	0.866806366553471
17a29d2b-3dc0-4f77-b86a-8a1b4b567ab1	0.104113160650797	0	0.00885544080386217	0.0740127866582912	0	0.173700538741532	0.0387060386846775	0.0165596107362014	0.0869991276950065	0.00455655991986428	0.0275108944983016	0	0	0.209224415487242	0.0569740747020173	0.111812995526332	0.0135601369670207	0.00853578691644166	0.0556973076881535	0.00730539972297016	0	0.00187572460128839	0	0.668477812017499	0.785378509455476
e3241322-978d-4a95-872a-5ce967b2aba6	0.034242893045324	0	0.000369274947067783	0.132139440524284	0	0.121284907172698	0.027417645977637	0.0190268741559946	0.0747536586821078	0	0	0.005771593101887	0	0.242330358947651	0.0698987192823195	0.163349981058916	0.0556968735242024	0	0.0341492160704662	0.00781855955436079	0.00455436752491344	0.007195636430171	0	0.567833748598159	0.833046511083354
fae5496f-0833-4974-843f-88f5e86d831b	0.0483706204370263	0	0.00265001568383386	0.15949895815825	0	0.133638051239121	0.0332449955759612	0.04052404296331	0.0898942995432878	0	0.0454052223731838	0.023651000589526	0.0182723702600284	0.147965743280755	0.0724007644027065	0.129719690770399	0.0238671074575053	0	0.0108714488958511	0.0200256683692552	0	0	0	0.598460502793882	0.816666899721054
95e43960-65a1-4a90-91d5-d66206c37e89	0.0461088298945168	0	0.0268173298247553	0.0620782268800319	0	0.246628246454592	0.0827822134527971	0.0187329069998822	0.0495588478529135	0	0.0551800565133457	0	0.00457381118907267	0.107333750941338	0.0398728206956912	0.122736446398275	0.0275368364175943	0.0050881551429296	0	0.0793472756545504	0.0131077055594403	0.0125165401282735	0	0.451938115889083	0.8925286139545
0bab1db4-90d5-4e73-be7d-2aa356e4e4b1	0.0412969088391114	0	0.0580494855483777	0.0470275641207736	0	0.217679355410437	0.0623802404314988	0.0374815123925134	0.0417924238380958	0	0.0572417738117633	0	0	0.189296273201199	0.0510183686987742	0.107341373935891	0.0139420547207712	0.0125678241846867	0.0360636893518371	0.0213340659789941	0	0.00548708553527505	0	0.434951085758022	0.900340494977793
8c780851-031c-4603-8f30-e0e9941d1f41	0.0596335590934128	0	0.000742714807140728	0.0441766267454789	0	0.203428822801331	0.0449226038092469	0.0195509356236846	0.0170436950260949	0	0.0123428782833457	0	0	0.267529282732455	0.0812311331016613	0.167808922240711	0.0150179760239628	0	0.0664409662190388	0	0	0.000129883492436214	0	0.679874091769515	0.772446672884377
c7f9ac91-e018-4ee3-b751-8b14fb299feb	0.0702767329465242	0	0.0110838158954494	0.0919424959809744	0	0.101801858827681	0.0565683397325921	0.0112679926555688	0.0930277516856913	0	0.0696878931822769	0	0	0.356576113384918	0.0169715052014884	0.0468334719640409	0.0058375992297748	0.0203848222658995	0	0.0428821732290751	0	0.00485743381804517	0	0.556245712652784	0.835505476422387
b6e908ee-def3-4d88-b986-2bcb0e8a8c57	0.028206936658363	0.0241790990736636	0.00861883165717179	0.0657140449377862	0.0120463851825625	0.0393077137006902	0.0729877254557049	0.0255930970077194	0.043307075362134	0.0209947373362898	0.0543840186544569	0.0135736981687501	0	0.362141121516792	0.0688333626374579	0.139342489871888	0.00223144939262107	0	0.0130146121852218	0.00552360120072717	0	0	0.001	0.400089973320212	0.919110781459747
a755488b-a857-4949-8706-80fe1ee83700	0.0680657848373879	0	0.00732666754625585	0.0350025655861128	0	0.252121202210998	0.0562008994906927	0.0199222760252597	0.0108869664060876	0	0.0351939119941367	0	0	0.244242255872984	0.0401974206146654	0.147466754895544	0.0192769067904913	0.016397761474106	0.027519782169889	0.016578632318505	0	0.0036002117668837	0	0.603227766308433	0.816720052915489
fee52a75-9837-49f0-9a7b-88c53f2f5675	0.0174113435273011	0	0.0153099411003309	0.0447966303446427	0	0.355588924833594	0.0140523542615913	0.0203922291633092	0.055690963696514	0	0	0.0908123403778349	0.00179158538587439	0.188823376227069	0.0305515698540051	0.142783379462042	0.000717777997323802	0.00637967064096973	0.00609208034976415	0.008805832777834	0	0	0	0.544668074213379	0.84149045672686
10538428-e86a-4061-826b-4d84d42128d9	0.0384445609036646	0.0334864289443967	0.0072924165072294	0.113908053601341	0	0.141981222959619	0.0435767514066937	0.0460717904676474	0.0412617839450221	0	0.0720275456167382	0	0.018047913363499	0.218159180029146	0.0638959970395505	0.0890750851219839	0.0152449560069617	0.00640229515522377	0	0.0511240189312824	0	0	0	0.486788206730031	0.874722640740431
88065523-5e2e-459c-9864-252db22ac374	0.0611969905148587	0	0.0109593918867615	0.0546294948396144	0	0.132020318621328	0.0588965620746801	0.029360168655329	0.0196989654485462	0	0.0211993633384167	0.00654078428797088	0	0.309169174736318	0.0492311306166601	0.0888880486089827	0.00107938586702917	0.0357340996405491	0	0.104414922038885	0.00045514054821867	0.0165260582758515	0	0.77640795638895	0.70665215551368
704c41a0-2355-45f4-80c3-7a37ae745b6b	0.0642511212383798	0	0.0262595306449245	0.000117241142104135	0	0.160530516822558	0.0321578900408057	0.041587976034176	0.0347273760540291	0	0.040286551513915	0	0.00693401499337086	0.184236601221649	0.0439580894155306	0.118207208040943	0	0.0756404000254676	0	0.141431035416934	0.00252104559648568	0.0271534017987261	0	0.589540188612023	0.824305442391253
adb45984-11cc-4889-a4e6-a3e9760440a7	0.0235026211144001	0.0148464982332069	0.045858628408651	0.0719017197960697	0	0.146213017518005	0.0335044229608676	0.0287909959196236	0.0635971693171298	0	0.0403232408603193	0	0	0.224656596173675	0.042759525797161	0.138072925858887	0.0283763263945852	0	0.0330469061338835	0.0331852501540169	0	0.0313641553595182	0	0.526784175938317	0.85702952408825
66b56c84-fb00-4e46-b23f-e6e4d2cff38a	0.0268593162416692	0.00557433811095711	0.0122075082324707	0.0962305302826486	0	0.161046141572331	0.0756466380739088	0	0.0325126435566296	0	0.08136841860848	0	0	0.185299311420962	0.0320200361607072	0.194706855405488	0.0209001671298227	0.00957924200797518	0.0232988658367766	0.0256373352990437	0.016716656481145	0.000395995578984075	0.003	0.351437215817194	0.937900074820455
20f32e26-cb0e-4026-b84e-a4c0e488ea2e	0.174137292738235	0.0411023481549879	0.0447420986949846	0.0946676924187072	0	0.186449117858851	0.0149777750455103	0.0458227420657944	0.0808518090470377	0.013862070742009	0	0	0	0.0973284338201266	0.0452237924414217	0.0639964179271612	0	0.0206126020401571	0.0721976433628269	0	0	0.00402816364218975	0	0.560384700089808	0.83526371621245
5808d312-f3f5-4865-ad2e-61a2be9f6a16	0.0265310815622792	0	0.00703210649797571	0.0356562206420903	0	0.0980806564342947	0.0462703306365757	0.0655980680842344	0.0672354473145931	0	0.00181194436386325	0.0380976560310775	0	0.20961414125208	0.106092578980815	0.11750089609658	0.04474382379134	0.00178560000981294	0.0110782100251034	0.00777205928852771	0.0116531184087267	0.103446060580031	0	0.423076422415802	0.905378607582102
db82542f-db4b-4e59-8555-1765713e32cf	0.048287318389918	0	0.00614422904366572	0.0215319974741709	0	0.202411361039742	0.0822330823769088	0	0.0174146935445567	0	0.04700221975055	0	0.0192876660687993	0.257968003414353	0.0384891718066112	0.140161173090353	0.0105924017060723	0.0208496333504961	0	0.0551129297122584	0.0106679573037331	0.0218461619278119	0	0.64006448921523	0.796606474059321
5c0cd2a8-f5b7-486f-8762-3d82796009ac	0.0186404149177284	0.00284904605688477	0.00384028905543035	0.0304708732551244	0	0.143174261559523	0.0949033596908981	0.0196922441941031	0.0401509049684022	0	0.122369977894132	0	0.00167686304595412	0.233071101020602	0.0649188784544883	0.133128646127461	0.00793610549917854	0.0221915074194168	0.0386873717056676	0.00304271531903384	0	0.0192554398159717	0	0.554207035928683	0.841651144637855
08b71bc1-d0ba-4b9f-9e4d-2e2145ed8542	0.0674196652924184	0	0.00644906543349695	0.0322826156607126	0	0.215336253206296	0.0485168087173269	0.0181456079400458	0.035145163285437	0	0.0147327175095614	0.0072961445229006	0.00307915543540796	0.233057436481656	0.070908872543628	0.138191466588074	0.0183263821923861	0	0.0748454938964442	0	0	0.0162671512942077	0.028	0.178765571205799	1.01118259514251
54c33b2f-6743-43c9-9bc3-8c05756d0285	0.0492279795380864	0	0.0674130477890142	0.127929887363802	0	0.048721853584749	0.0360446231295231	0.0643288644200557	0.0771028984738206	0	0.00366590005862586	0.0154953112868536	0	0.338660395362845	0.0479144401622989	0.0823346719807446	0.0212630769731809	0.00419662713208744	0	0.0157004227443121	0	0	0	0.519070005278404	0.856183179406877
2275d7e4-2710-433b-964c-08517fde6fd5	0.058858675072213	0	0.0109484053654343	0.204041364616158	0	0.0740409663671524	0.0596951867780381	0.0658428889338806	0.0619046356677305	0	0.00607689467692617	0.0278570001098852	0.00975787475371433	0.0876304190564037	0.0724102194963299	0.124826661143878	0.0709985502167869	0.0109472055398294	0.0442216022645076	0	0.00994144994113201	0	0	0.662614692362406	0.789732373679043
e6232451-7575-4733-9426-0935c2c29a6e	0.0264607762080071	0	0.0326997847027163	0.0583349105396809	0	0.266956645407205	0.0578823043767127	0.0222414764249803	0.0477074904976113	0	0.0474672329767618	0	0.00171374713946775	0.18273547859414	0.0681511836453203	0.0939168982862872	0.0085081117618617	0.0289195411644087	0	0.0479473778149624	0	0.00835704045987718	0	0.472211403456833	0.881958762813256
244f21fd-129d-4707-8cf4-0a1745ecebbb	0.0485935397358463	0.0210000604685913	0.0348593720508973	0.132237941660173	0	0.184188356117714	0.0277676612818381	0.0385184334807534	0.0715666012821683	0	0.026470561288765	0.0222119516926828	0.00100520645930783	0.237075859933974	0.030835491479193	0.0686076737966286	0.0121237824424903	0.00264627550199892	0.000706946989647656	0.0395842843373303	0	0	0	0.605917415902868	0.810717818604834
baa45e1a-1420-430e-b7db-d87261711ac3	0.045558576109713	0	0.0118008477373592	0.0853473776475377	0	0.1720649617767	0.0603733770381689	0.0202282286259163	0.0188378483491075	0	0.0354839411106737	0.0287683461618561	0.0137688118106873	0.223611326045713	0.0659351800562133	0.138681794648338	0.0178860241905514	0	0.0508760530027188	0.0107773056887455	0	0	0	0.578791312362355	0.83043607410208
8357059a-69ee-4d96-90eb-4c0952f2740d	0.117696569988242	0.0150708150180747	0.00600339589322693	0.126461072947314	0	0.115068542832345	0.0960230780722722	0.0475676465721205	0.107840330977332	0	0	0.0365407769532199	0	0.1612195543814	0.0256803914872223	0.0825925085755135	0.0276550529290977	0	0.029608984461038	0.00450451847190307	0	0.000466760439678011	0	0.651188125505804	0.790837041586052
7308bb8a-7006-4982-b11d-5471a0e9bab6	0.022975990347813	0	0.00668941341540045	0.0162820780899948	0	0.215391384960024	0.0313282167591079	0.0106144780252409	0.0589141027833661	0	0.0170897638894389	0	0.00252925169362323	0.308502133521567	0.0574271118437975	0.129799615027902	0.0312044575145019	0.00539536783039017	0.0232568238997943	0.0415775466694383	0	0.0210222637285995	0	0.763512535876973	0.715153166261728
68f918de-2e18-4ee9-a783-bb50f4f9aeb4	0.0378870398995976	0	0	0.0286371723880677	0.0389263649045674	0.068747422132168	0	0.0072008878505623	0.0332704394682963	0	0.0615797516002317	0	0	0.510372987988341	0.042060885170344	0.127168237314592	0.0167173442020768	0	0.0155122018598541	0.0093909475609357	0	0.00252831766036555	0	0.77248201433141	0.66859877314007
039926ba-28dd-40b5-9567-d1186de37de5	0.031651892450822	0.00371607446926689	0.0355352648391461	0.0294874289058016	0	0.360606311673822	0.0528723617411906	0	0.00566911513708331	0	0.0277304767267392	0	0.00669495306556312	0.166910780687137	0.0240824946757346	0.135598495656272	0.019989007654337	0.0477544077894427	0.0336276761299136	0.00537498838434066	0.0126982700133872	0	0	0.451153207895344	0.89297672724904
1adf2e02-c544-4966-8cd1-182e5517a50c	0.0714072220462738	0	0.021587026411844	0.0434609234658874	0	0.200383821698015	0.0712814267317883	0.00209098908677357	0.0223689792646895	0	0.0672108584874592	0	0.00567860442178351	0.183646440880517	0.0361247233129966	0.143540879649584	0.0176795810141986	0.0145525241082925	0.0679831225194053	0.0207486967916009	0	0.0102541801088902	0.001	0.361787887604653	0.932297914995162
078fec17-48c9-4d5e-9a05-405fe449f951	0.0697116797047718	0	0.0152470723163254	0.134761801193973	0	0.0843916504757562	0.0880467257454846	0.0517403500954104	0.0368111528649588	0	0.0433435441363131	0	0	0.249014914003756	0.0879737623498646	0.0871923037740106	0.0254542862138929	0	0.0192456515305081	0.0070651055949745	0	0	0	0.733921313149506	0.743545750314515
90ffe88b-f3a7-4c8e-b4e8-91b7e4f9e8c9	0.0481496086730149	0	0.00453724236661711	0.202555358236841	0	0.0723839586710705	0.0796828174879244	0.0678050965906516	0.0751203194780479	0.0494339377923505	0.0155506795942318	0	0	0.0775460625415458	0.0971178798821484	0.112812824130383	0.0196672451485284	0	0.00185302617708697	0	0	0.0757839432295581	0	0.489598876036377	0.872207120945637
ccfccaf7-96a2-4e64-8e0d-585969fac95d	0.0509750598462156	0	0.0219101956732469	0.068338658986516	0	0.163885059113184	0.0765683447572704	0.0445219978528643	0.0150557101411524	0	0.0314084277530403	0.00921280725870751	0.00937412782100929	0.223549229172018	0.0660856889650485	0.12351660872023	0.016368481657944	0.00452723116831705	0.00738725938829264	0.0545060485258562	0	0.0128090631990876	0	0.556190089818642	0.841656272605867
eef3089a-6ded-4b89-825e-4cb97d3e9a1a	0.00585906428217892	0.0297716460740284	0	0.0260665602857511	0	0.114585594833144	0	0.0143728076652344	0.0308205048624277	0.0106039820176953	0.00342121459678483	0.018946502663892	0	0.421682992359526	0.0163046249418109	0.246003097725518	0.0168622170141852	0.0115738902179407	0.0238608393168313	0	0	0.00926446114305144	0	0.795065504046757	0.657805109327454
d3673eef-0654-49b8-af31-a216a0f9c0f2	0.0394338216549745	0	0.0203308376047137	0.0950105528207802	0	0.271002455404355	0.0761729915508799	0.0286882070852434	0.0624608598585189	0	0.0169114399369621	0.000759918417697948	0	0.180215238391653	0.0651095251996452	0.0903399539573007	0.00859779069986082	0.00507802892693467	0	0.03988837849048	0	0	0	0.530808691935028	0.8517239545522
31194670-516d-4266-9047-e5d06336959f	0.111800846978364	0	0.0995428399845521	0.087260904384548	0	0.201648077736667	0	0.014516101490771	0.0865723850157772	0	0.0254813894254639	0.013446563611006	0.00908138516468092	0.0383143523593234	0.0270575723523462	0.136609344759595	0.028310946087278	0.00361585525729869	0.116741435392329	0	0	0	0	0.482654115570428	0.877656914321903
d0761e81-d5f0-4d23-b391-82f04a258ac2	0.0263025431079476	0.00786659760796068	0.0686127624052284	0.0413656633871322	0	0.163469564480069	0.0331750121524999	0.0435761884468865	0.028959145406006	0.00794054206145221	0.0233875315125661	0	0	0.227352910525026	0.0392689705676937	0.162688159656055	0.0561077507499672	0	0.026491738577733	0.015078944556681	0.0168205457935755	0.0115354290055194	0	0.53581162582439	0.852953385366232
5efeba5f-8a15-4a80-9363-3b736923cfeb	0.0449622880176779	0.0440916267862818	0.0317705851547272	0.0684756647687732	0	0.198883492220727	0.0132773834967851	0.0239375828287911	0.049881812277512	0	0.0574479920268249	0	0.00620069054095734	0.215656792722221	0.0416898691758682	0.116915553606271	0.0099659460011426	0.0118011210563795	0.0248956636071771	0.0316069099687099	0.00853902574317322	0	0.005	0.31677542553192	0.953162965189418
ffb9d1e5-2484-4534-ba00-cde7fd7dab07	0.0584810291945566	0.0321117113633072	0	0.0781818700399928	0.0365464938480366	0.0515148150052893	0.0904017076786232	0.0501182189785025	0.0812505063917854	0	0	0.0320195937153487	0.0104269767470394	0.184577597348755	0.101899566093139	0.0943810089082397	0.00455450827714971	0.0256220156918254	0.0679123807184091	0	0	0	0	0.590969770583367	0.825771994771933
116c0a93-c509-46f9-b3cc-f249ad87c978	0.0531150389513846	0.024346741109458	0.00834320343370657	0.0965718258574938	0	0.15269480796541	0.00309295475661422	0.0319397388480315	0.0836710582350687	0	0	0.0223801279581074	0	0.198187489870658	0.0492715357146912	0.179035739222236	0.0161542911455942	0	0.0808030514277022	0	0.000392395503844283	0	0	0.448542460605048	0.893813440583523
4bcd5ea9-7947-407e-852b-e2edd05956dd	0.138376240199492	0	0.0340134288735479	0.047227649162311	0	0.193904858618573	0.110549888200678	0.0383690352159064	0.0368775899744666	0	0.0349708956347478	0	0	0.147141140128013	0.0183633209862604	0.107426983505604	0.0388351656013999	0.0235609750017505	0.0235219355145595	0.00096889330103835	0	0.00589200008165119	0	0.579663863391423	0.833756295910707
a4b5ab23-bd53-44d9-9461-8886940847c5	0.0656984344499381	0	0.0532223442342691	0.199348296379128	0	0.0956025093376303	0.0144942474196242	0.0173823172005497	0.130080274092671	0	0.0139431907424905	0.020654890041951	0.00809762405317133	0.203550504546237	0.060625208712483	0.0624916052763703	0.0186873832785676	0	0.0118735415076988	0.0154936812222434	0	0.00875394750497639	0	0.590030394219698	0.819932897648682
874f2c2f-f8be-470a-9ac7-8e964e5b7b97	0.0709962962139224	0	0.02256067028779	0.123049781707291	0	0.183075970593161	0.0702218798568709	0.0265958429874812	0.0260667200771251	0	0.000768132841776142	0.0190306630167219	0	0.302787864269833	0.044800662217116	0.09075796952054	0	0	0.0123218268862701	0.00470828011076865	0.00225743941333289	0	0	0.453888521362386	0.890630745497547
a429e723-ede9-4e2c-bdf9-60ab63211d2f	0.042704743296816	0	0.0345864506308558	0.0731700392965159	0.00487295554996499	0.0389728616726822	0.0545139760560587	0.0532285155846894	0.0885291877292631	0	0.0138598764578305	0.00133217104630454	0	0.245326052445398	0.0898356039499578	0.153787846475346	0.0278226840483739	0.0104267142251355	0.06602200915047	0	0	0.00100831238433782	0	0.671655265889145	0.782166581086505
d9857359-e656-4ca7-b6e8-f779d20b1231	0.0329542938600779	0.0146409621386007	0	0.0452009185384615	0	0.149277603206197	0.0669905535647544	0.0324454006707369	0.0584633956344029	0	0	0.00412758477550152	0	0.324118147054281	0.0512982489943784	0.151176418573064	0.0169605788741142	0.000606768167197806	0.0368987619277322	0.00561009971534127	0	0.00923026430515819	0	0.514197365977364	0.859532040218225
f78c59f3-c908-4da1-af7f-31c3c74b9478	0.0270178545834423	0	0.00797793384812004	0.107180659676172	0	0.214307425464655	0.0943492729382101	0.0630375481642836	0.0274144151049532	0.0358688125167761	0.0352246561669157	0	0.000388839160686295	0.0885582108175074	0.0879266624763906	0.0947773495049967	0.0206097022465392	0	0.0796050794047386	0.0157555779256131	0	0	0	0.568153396043886	0.834551102884488
7b3da857-4339-4421-9c4a-fd5df47128c2	0.0682861102889748	0.0863248991186921	0	0.0750302451466082	0	0.204677532092413	0.108095936245143	0.0507522341141051	0	0.0459601426523261	0.00155396297630839	0.0185101653111589	0.00815224815879793	0.14119230347477	0.0752659753099577	0.0329058015510805	0.00951792185757907	0.0303673405008889	0.0434071812011954	0	0	0	0	0.441622795269026	0.896713387325497
574c4afe-e6ad-4d86-aa7b-31eb92a48664	0.067297802431425	0.0107211251348981	0.00639425347803577	0.0790186909447824	0	0.165553213599972	0.0492813576914438	0.0358845024753456	0.0529699839880847	0	0	0.00624528308137166	0	0.269879599581484	0.114456223706111	0.123795451274267	4.72356627752675e-05	0	0.0184552769500036	0	0	0	0	0.694190533632803	0.758308977361214
60377214-6680-4186-a81b-1a9b5cd776e8	0.0860646391038711	0	0.0559511645967241	0.0767353670201391	0	0.183180372612027	0.0481924782304405	0.0322313882737857	0.0183256912159822	0	0.012122483569823	0.0204854031605936	0	0.217451157527014	0.0585568699548847	0.106130399619263	0	0	0	0.0692716697828559	0	0.0153009153325954	0.00900000000000001	0.236048089629345	0.989495947433776
29c02bb2-5f2c-4c96-8458-48ebd0c1aed1	0.0852808511959739	0.00100939100603642	0.0531699641250534	0.0513047127724637	0	0.180858376457666	0.00507372743387417	0.0152666626725697	0.0255389276006988	0.0131710247294165	0.004398230109014	0	0.0180370349180003	0.0279260275850895	0.0330310820911686	0.279116193956594	0.0316271852366783	0	0.17391634560888	0	0.00127426250082346	0	0	0.459338634524836	0.890934923820302
64659d7d-b688-460b-b0aa-190e389e6676	0.0315499137201057	0.00525204089298831	0	0.0517276700235773	0	0.0802948454816737	0	0.0542581175302827	0.0790653403916559	0.0133041765297905	0.0416846622515529	0	0	0.3179825740099	0.0822776898843292	0.0815849646337016	0.0146404631456694	0	0	0.088108221583328	0	0.0582693199214449	0	0.413278100136935	0.911607091698237
7810a350-22fc-4300-b760-a78efccfe48b	0.0483335636317533	0	0.0100806650033148	0.0833038797734025	0	0.165601978285704	0.0424118275979023	0.0274800676143343	0.062681404626802	0.00011031323384671	0	0.00281940595955164	0	0.229839747328961	0.0683102169096101	0.13310518670867	0.0740138596638408	0	0.0519078836623063	0	0	0	0	0.66754715993848	0.784799431808739
47b33bbd-e905-44ac-b0f3-c9ad6e0d4a32	0.0624061268090176	0	0.0168305859072564	0.0256133878411871	0	0.210110140443183	0.0450195459409628	0.028445370950835	0.0527394663079762	0	0.0759088765414463	0	0	0.303021727144209	0.0342858025672374	0.110407324998131	0	0.005283064341206	0.00408689693680307	0.0258416832705488	0	0	0	0.4940041111609	0.870205807597207
1c08b3cd-5bbf-45c9-9019-d5892404901a	0.0611022873373515	0.0283081780022273	0.0136511890698835	0.0707519255268389	0	0.115208376535456	0.0681356649604057	0.0987778329513781	0.0320851093297335	0.00511754904656593	0.0562848882871064	0	4.06084263938831e-05	0.19021536734595	0.0564332576922696	0.131255940705538	0.0212400071423785	0	0	0.0423852294993551	0	0.00900658814116753	0	0.421197570336164	0.906305533090303
e3167ed4-da26-4786-a854-03edf768a637	0.0132208566680727	0.00581872332782774	0.0717900388805895	0.141752641123458	0	0.154008288747737	0.043109686432492	0.0246829702804165	0.0889348909323104	0	0.018717657964168	0	0.00827107060636032	0.115651187533086	0.0606001489598665	0.190782955662505	0.0241328391960725	0	0.0263878920920991	0.00178662223043665	0	0.0103515293625029	0.001	0.393802994517468	0.918688549754453
e9cb7ecd-24e2-4112-b495-de16ce4011d6	0.0557976233455496	0	0.00896450198526029	0.0753584143227509	0	0.302904070082831	0.0147657997447106	0.0165536267834612	0.0246365415816876	0.00473396763929147	0	0.0194365090181177	0.00782479707680677	0.118362549907971	0.0301307395178812	0.182895278301635	0.0644417712193157	0.00329071481521391	0	0.0495577624558116	0.0203453322017039	0	0.001	0.393705913304647	0.919065201975474
24dafdc4-52e0-4cd1-83a5-2ac04afc7a38	0.0567195028036901	0	0.0224861517912753	0.172887932909053	0	0.116013130675601	0.0697087074728248	0.0977504077721054	0.0273549585929055	0.00661466030221599	0.0265733514152499	0	0.010837581802567	0.104793901458332	0.0720676184981002	0.0686205050584737	0.0372281934732072	0.0160535119630625	0	0.0467034346198624	0.0176535936745613	0.0299328557169119	0	0.44895960130424	0.8932439476423
99a5cc3d-87a8-411d-a861-6bb6741935b5	0.0525514641064118	0	0.0108648870458903	0.160800712011389	0	0.0741152153627311	0.0476126948240787	0.0214665943593778	0.0214586596191404	0	0.0582109443544934	0	0.0124033305269386	0.281737889006868	0.0434357879895487	0.0904100011672149	0	0	0	0.0902560172159976	0	0.0346758024099189	0	0.70826465361453	0.750684196782118
a16ad35a-492e-4a51-8d05-76097a1dcf62	0.0565744475359472	0	0.00303156859152129	0.0601869975215325	0	0.118496468315382	0	0.055640588114594	0.114827184853337	0	0.00799745854815866	0	0	0.254402768846882	0.0670506664606473	0.143570079111738	0.0453973279790661	0	0.0405047743179593	0.0219858362300451	0.00366906165921263	0.00666477191397704	0	0.590035700181284	0.821750139195105
91cbb888-04ae-4b08-b9b9-0c3d0a25d8c7	0.0924708390144273	0	0.0192289755589992	0.0616087243297701	0	0.131778717248958	0.036423210848987	0.0203685007200111	0.029532638048213	0	0.0103033317534222	0.00143527660254554	0.000628993198787197	0.253041807460322	0.0882853117834853	0.180845811786521	0.0215918812816561	0	0.0290224108609473	0.0148375686699382	0	0.00859600083300914	0	0.654356362981035	0.786449743752104
a1a47bfd-4d84-496d-abe4-5a85e440910e	0.0115114828802113	0	0.00652647016687624	0.100427217184031	0	0.166102349627758	0.105089435769749	0.0452854585471495	0	0	0	0.0171502013339481	0.01865579418709	0.131855621115197	0.0657126017550197	0.159626303729733	0.0324166030667623	0.0502534134284549	0.0164160316830585	0.0111642440165351	0.0403828820530397	0.0214238894553884	0	0.578228227822597	0.834134698015318
59848f77-6c73-4a46-85e1-943fcf6040e6	0.0350369064585757	0	0.0131220278559977	0.106345632699676	0	0.11549858580583	0.0729807715853421	0.00287780563794694	0	0	0.0333882226027683	0	0.00455298028916249	0.248785078373524	0.105659513225044	0.154981555034076	0.0110695861743546	0	0.0425629833746641	0.0249762452579708	0.00227583675217278	0.0258862688728941	0	0.679988278072464	0.771646807073805
dfe29194-6e6c-455c-9cc4-98fdd874c0a1	0.0524884010863123	0.0215938463424411	0.0942341368023116	0.0837555033592636	0	0.160694321373708	0.0144693399833828	0.021909683798782	0.0387743240121644	0	0.0210254857078238	0	0.0313591605065404	0.0506951317701298	0.0472603132546616	0.220349903255334	0.0252896120455455	0.0220448583909712	0.0940559783106282	0	0	0	0	0.421734372103271	0.906847754140338
26a9a32a-ddd7-44ec-8f7f-3b4b95959d0b	0.0491533792144106	0.0101033534606244	0.0107424536198491	0.0470024405496461	0	0.119207900623281	0.0473171917759025	0.016389544011416	0.0429095972952883	0	0.0324739675010924	0	0	0.257632800025782	0.0411362274668607	0.160360692250872	0.019157498784725	0.00703623681970501	0.0437312777067772	0.0495071126258754	0.0272796663186347	0.0188586599492571	0	0.638361723464854	0.798700151773959
be80fb51-f36b-4c3a-95f1-c97883538e49	0.0497304458990012	0	0.00882740553417035	0.0712012107032553	0	0.162739150838549	0.0750085201127032	0.0900476628191539	0.0467495506023306	0	0.0164693473703673	0.0371167661851683	0	0.266899211630595	0.0467082082198239	0.0881144155042083	0.00254511575784308	0	0.0378429888228311	0	0	0	0	0.534585060153801	0.850040152323492
67ce9fa8-ad21-489c-a30e-aad7c60ffdb4	0.0690512554460341	0	0.000335671619400403	0.12538966400251	0	0.20380648973518	0.0188450182426441	0.0330882364232147	0.0432811431618976	0	0.0423622155829741	0.00995820647243689	0.011250915919181	0.20159938451743	0.0491653884073031	0.144550763844999	0.0155431460842906	0	0.0179341495370115	0.0138383510034924	0	0	0	0.636873177921015	0.79602994534762
8b3dbacb-b51c-409f-a205-7f8f4df0e403	0.0680873571793633	0	0.0346890333221996	0.174164314391831	0	0.0934164243578226	0.0191478258756543	0.0155996757569623	0.105682898535335	0	0.0160962635045081	0.0210808773979399	0.00848755227194641	0.23481610910892	0.055269773815633	0.0934969291530728	0.026322469504949	0	0.0336424958238618	0	0	0	0	0.409396269740253	0.91192925767276
3b0aa6d1-ecc2-438e-ae1c-5b2e8d4cb0ee	0.044524971945797	0	0.0515570454401241	0.0396945571661734	0	0.211988144130824	0.00865049744502428	0.0175899649444707	0.0106142462547107	0.0375014429379226	0.0209178794221508	0	0	0.0172349080516469	0.0434586656208723	0.306892461096332	0.0726386999609137	0	0.106256761676557	0	0.0104797539064809	0	0.001	0.374543798012758	0.926724499093346
2e260c6d-51b6-4b3d-9e6a-8407dcab79ae	0.029300371247807	0.0124951717183549	0.00139568351836081	0.0568064185468141	0	0.129228666005078	0.042717528839217	0	0.045103311980511	0	0.029867261757604	0	0	0.430480324798653	0.0323528435938656	0.126239946197774	0.00469994877317581	0	0.0593125230227852	0	0	0	0	0.600368459269352	0.805932882625315
cecf29e8-c077-4deb-b2a7-91a5177fabec	0.0205660658064988	0.0159445394873147	0	0.0302004162006111	0	0.171701325835631	0.0759454079578772	0.00144001196657549	0.0245868205970055	0	0.0521170791370653	0	0.021228204215589	0.353587095765763	0.0073424572531432	0.0703799441181246	0.019461348616138	0.0556414013645487	0	0.0440685405137789	0.0154977744160161	0.0202915667483195	0	0.477477974763511	0.878604269504378
0057b64d-ddd0-4c3e-81ad-082a1b70b940	0.114682453393209	0	0.0188959502363605	0.0691489191427813	0	0.0626224478753599	0	0.0291764631492774	0.122369163487252	0	0.0840686417644751	0	0	0.293836144662346	0.0363813112987011	0.0739242199397997	0.0129570603254727	0	0	0.0755111650616377	0	0.0064260596633281	0	0.479769619795557	0.877202741285585
f3d04a3d-8c5d-406a-9687-005b303f6754	0.0409487134173646	0	0.0195798935261947	0.0732689165541945	0	0.117936877810234	0.0127982912657119	0.00734611403660348	0.0337895979387993	0	0.0173563924327015	0.0187584139284915	0.0248468460387675	0.29727005508947	0.059248786065919	0.131853884703101	0.025400222254711	0	0	0.0836290141696053	0.023899937488421	0.0120680432797107	0	0.672477131890306	0.771022207121971
d137bffb-2f99-4789-9c1d-51dfd0653f0e	0.0606198948393711	0.0271596735575009	0.00763221131991046	0.0435355239275014	0.0269653056897633	0.0409151749404997	0.0475782323799276	0.00766312945665508	0.0674714487982063	0	0.0388625846897351	0	0	0.47796608270226	0.0192453622982982	0.110062864734428	0	0	0.000641154016765929	0.019868190841762	0	0.00381316580741449	0	0.432154325633174	0.907181382703965
fe9f7bd4-296f-4e3f-911a-c28d810c69fe	0.208955679559069	0	0.0340379442882388	0.101695835888627	0	0.254796267064294	0.0265117233540731	0.00905180328678979	0.0213061320418905	0	0.00488390480367242	0	0	0.050729880148551	0.0120305519380729	0.135216499043532	0.0126525736610094	0.026463271807554	0.0359429584530074	0.0626985611862898	0	0.00302641347532903	0	0.569224612923913	0.831663372624225
f46d9d09-b5a0-4572-934e-1f7341eb32d4	0.0945001661704624	0.0518429939598745	0.0147270237120703	0.1098378687426	0	0.175305307037804	0.0127080796525857	0.0394724516499412	0.0313368681117711	0	0.0198528447871091	0	0	0.224431299513906	0.0414997342429085	0.12811488316372	0	0	0.0198712766665668	0.0238213160224461	0.00519833308008918	0.00747955348614509	0	0.465325570464746	0.885073370611318
31f7fb2d-7ec1-4719-9f95-dbca8b338d5a	0.114408647646735	0	0.046159812775502	0.130859534141658	0	0.235501174469617	0	0	0.0367805926632284	0	0	0.0164359856015593	0.00884090503804127	0.0667097568904415	0.0166470623330869	0.144807457724235	0.0289523349652669	0.0369546345749952	0.00976794383786994	0.0932560038394745	0.0122079550622776	0.00171019843601098	0	0.531854072135789	0.853640122025195
1585ffc5-155d-4d74-b1ae-52be83d28275	0.0480327239559978	0	0.0182887297924326	0.0481625891694662	0	0.164717923748626	0.0786421184716164	0.0140843955542686	0.0382110908417403	0	0.0403859194424177	0.00454015260848472	0.00602734018953199	0.258136694660584	0.0302802841230017	0.180238303032905	0.0140049599254713	0	0.042991804522158	0	0.00446152197333769	0.00879344798795951	0	0.573852910627077	0.832566075103862
4446716f-467f-470a-a453-7410a1eab04b	0.0251393133756666	0.0310936545256195	0.0662092242242845	0.127338784139507	0	0.266452536295794	0.0578664276116118	0.0328422937107274	0.0786110526788789	0	0	0.0129916192434985	0	0.106175122883906	0.0348313844739078	0.0829082365119045	0.0244442686945681	0.0219826953696978	0.0309755223909902	0	0	0.00013786386943705	0.004	0.325321427959308	0.95176910275165
e5de35df-653f-4d8b-a0c4-8d98454a81e3	0.11917979516867	0	0.0671212517183917	0.0878315407387297	0	0.19918719658236	0.00604428724284679	0.0382673922749338	0.0279152880163066	0	0.00147382598150676	0	0.0598770795248352	0.0484086882326211	0.01603406589386	0.202605724841077	0.0195150857046163	0.0025080721817762	0.0835350452809148	0	0.0204956606165545	0	0	0.503637032461945	0.870093560204807
5e07c68c-2ad8-41ed-80d0-46332a4f2ac4	0.0227454514873976	0	0.018615426542719	0.03981604349983	0	0.140031890907145	0.0102262163429148	0.0215406858614281	0.0532622101839085	0	0.0171118927461263	0.0150057574273797	0	0.425265612920169	0.0672228419517537	0.135639216074868	0.010939384606223	0	0.0108960829390453	0.00977982487082204	0	0.00190146163826915	0	0.8152070881996	0.652217832918264
232eef03-6187-4812-baeb-ceeb13ff7267	0.039027987529402	0	0.0114871356034814	0.110698709553995	0	0.139466987548168	0.0276939524579884	0.0433861317096037	0.0459432794602818	0.0116022549386209	0	0.0196182376587155	0	0.175146729861019	0.0324636308733996	0.21952385539828	0.0247420689324504	0.00634977008646121	0.0375352319415275	0.0369866899817281	0.00167674457634344	0.016650601888534	0	0.559188457625508	0.840429714441033
43a81a03-a3b8-4bbe-8360-a1141e5d3dd1	0.0261094647110067	0.00943698664462122	0.00237276227098389	0.0499469839664784	0	0.13883485014372	0.0148661475084955	0	0.0615579632080521	0	0.0161373882694502	0.00383907199963695	0	0.414931523438101	0.0308724146861777	0.164267026510393	0.00823529410864643	0	0.0251584745770893	0.0334336479571476	0	0	0	0.768856066328612	0.688922929790263
c491e261-f808-48a1-b137-e133b6358f5c	0.0133396955370488	0.0242673364877377	0.00540291505698613	0.0919402562714222	0.0105811072426123	0.127816548259198	0.0724528591474202	0.000671332142889462	0.0424211025719685	0	0.025044213643643	0.00419840680714012	0	0.339085290459432	0.0857540112000479	0.103133497996433	0	0.0173600396822961	0	0.0365313874937246	0	0	0	0.535766962548743	0.846260126923625
fec947ca-0fc8-4c6b-8201-5e1c62805203	0.0443783906167994	0	0.0535783836488493	0.129938419619752	0	0.116119055428372	0.0506497890817718	0.039700503442691	0.0585725746103246	0	0.0193609905961122	0	0	0.214124587846746	0.0605777905149068	0.131967265222746	0.0160411507856398	0	0	0.0515678732843029	0	0.0134232253009869	0.005	0.297617169515595	0.962128294527421
2274820c-57f2-4b75-9add-95d4587650da	0.097988293392008	0	0.0330449527751151	0.0770950332621156	0	0.204325461505017	0.0254414299675328	0.0501062011921616	0.0708010454839665	0	0	0.0419453166159519	0.00679730748686982	0.179995454042327	0.0656711873581141	0.103073662868886	0.0208003047278508	0	0.00956685761458156	0.0133474917075026	0	0	0	0.474831927932643	0.880475792431613
603e5132-ef98-41e1-b7b8-cf099eaf3e5c	0.0626878869063575	0	0.0232203352544939	0.0778151103788812	0	0.141542461649507	0.0400428232940212	0.0507679087143624	0.00599394907366986	0.0399283860265136	0.0115464720971829	0.00137115936027138	0	0.143153506863627	0.0596621944425626	0.205992082197818	0.0733387624374021	0	0.00796196584904124	0.033729710407278	0.00526979704698225	0.0159754880000277	0	0.574883351147926	0.835485993996017
62051b0b-7177-4953-94c1-6e555fe2deb6	0.0618030740849751	0	0.00727031048132142	0.0770504490595151	0	0.189424382828053	0.0285075265024774	0.0203342680086524	0.0533353402238666	0	0.0691645205997497	0	0.00871728662681269	0.170289605536023	0.0232248513066695	0.111926639428251	0.0313927422541858	0.0289281105585668	0	0.075211807929379	0.034763907797238	0.0086551767742634	0	0.536983548705452	0.852336478435887
42e42589-4c6d-4f74-99ad-5ac589a52cf4	0.159581925819395	0	0.0393333651102585	0.0838951046059081	0	0.199932669822333	0.000914040347826727	0.0219761246994963	0.0489888173648201	0	0.017407955771494	0	0.0158674816513473	0.108709564315428	0.0322977778000442	0.0942379566243977	0.0775836699658341	0.00643368789098384	0.0784754607114358	0.0143643974989985	0	0	0	0.58909379910903	0.828699325975377
928cb705-b3ba-4e29-a818-e7a1c8791770	0.0838460017511688	0	0.00993152701306321	0.0428319318471529	0	0.188974517398207	0.103201079599376	0.0193471859210413	0.0327411537904381	0	0.0397144011343163	0	0	0.215972986111811	0.0652645585643716	0.136723548132579	0.00302151515527135	0	0.0334077477388408	0.0143252761069243	0	0.0106965697354381	0	0.642925409705615	0.799854379850699
455f4e20-ddd1-42cd-9d12-c4e769e22a38	0.0939831118580244	0	0.00412050446609637	0.114734068149893	0	0.159860038815471	0.0366158793162273	0.0418728929883432	0.0271477694964925	0	0.0129004082990876	0	0	0.200887929065735	0.0743484549813818	0.144210717390647	0.0158893355520473	0	0.025275690327414	0.0401922353162144	0	0.00796096397692567	0	0.678215296995696	0.777183157197442
63c49e91-09c2-4914-920a-528575e6a5f9	0.0561360980728585	0	0.00758434722642357	0.077225393221062	0	0.192674737163726	0.0411289100077576	0.0318202109384102	0.0218890484819782	0	0.0261654896935515	0.00386602421120307	0	0.223992399723782	0.0522596998747466	0.16654861866866	0.0244814283702238	0	0.017613496964524	0.024963971011008	0.0147183312558708	0.0169317951142144	0	0.665064004485828	0.78407923637509
5ff12417-cd68-4aae-a1af-dbbb2bca0d4f	0.0634459122050955	0	0.00560519299609208	0.0675498974467017	0	0.0701113363804031	0.0439274885407047	0.0460497570896038	0.0772992963458882	0	0	0.0133952658013217	0	0.408943870130411	0.059568216230898	0.119236101577657	0.00952717831312736	0	0.0102087905018225	0.00513169644027338	0	0	0	0.750053491699491	0.707940737137068
492d4cc5-caf0-42ff-95f7-05d4fbbcc6c1	0.115735102269234	0	0.0314093803798206	0.0439299173557738	0	0.175500067170749	0.0906427843188876	0.0257877965998205	0.0572874946101052	0	0.0174319296249774	0	0	0.242494556561834	0.0203912640266308	0.0992607577786599	0.015549488526761	0.0155461572758932	0	0.0417768060219815	0	0.00725649747887152	0	0.513027106465891	0.862770407694956
bd948e10-9cd0-4034-b96b-eb0839feaaf8	0.0426131501378923	0.0369744313487893	0.00440907589540285	0.0388274533547288	0.0474514058410083	0.0927805165375926	0	0.0106944399190718	0.0311520115201863	0.0257688166656372	0.0369338283170088	0.00420894520871842	0.0154975839785942	0.262200648229058	0.0570507438373217	0.171683550536996	0.0150707357921115	0.0271999977807427	0.0647913570094842	0	0.0146913080896549	0	0	0.496460699419345	0.870337854985269
d2685154-224a-4a7b-8aac-8d9e1ec73b1a	0.0526874497868434	0	0.0131689086102258	0.0964649429066191	0	0.165742254011649	0.0559091358839245	0.0842696178928053	0.031628841488357	0	0.0202362951385889	0	0.0054521288915773	0.251826874676654	0.072903043840316	0.12424575159533	0.00838159931863319	0	0.00509862390410718	0.00890595634317073	0	0.00307857571119825	0	0.541072380208407	0.846240765658586
e2ae3e26-acaf-45f6-86ac-4c9aaea272b8	0.117556160016066	0	0.02046211057207	0.179653000097972	0	0.0716975861418237	0.0369848172287032	0.0335535989603642	0.122097723825818	0	0.0307245135581368	0.0303487767702967	0	0.129245132372829	0.0390604552293215	0.112028633411145	0.0230873495072801	0	0.0368552023357973	0	0	0.0166449399723778	0	0.573146816477037	0.831619392981967
cc415000-40d2-4a4d-bc00-8868971aad25	0.0484229994095688	0	0.0137366125847679	0.0684645098124389	0	0.220539192577068	0.0847509489306686	0.043617088136715	0.0367908936842979	0	0.0248892636731569	0	0	0.19417457396798	0.0769761627481612	0.112466332443452	0.0235837983453841	0	0.0169099681024145	0.0163742135950597	0	0.0183034419888661	0.001	0.370532816106282	0.9295149343512
10c30c5e-433a-4650-b3ca-8e4896b12111	0.104544504120422	0	0.0265094984941554	0.10861193213776	0	0.115887728666504	0.102311489903744	0.0228698147378365	0.0293614647721886	0	0	0.0392338855508145	0	0.247121231427267	0.0698225016449612	0.0791745182130464	0.00995684833216353	0	0.0445945819991364	0	0	0	0	0.739395823533606	0.743938095747607
f280db18-74de-4f3f-b2fd-bfbd0d8f763c	0.232140579631235	0	0.00939161968393817	0.0647443245788173	0	0.0697257768139974	0	0.071915208326886	0.0405984664809335	0	0.0542986169272003	0	0.0136207762205537	0.20518579263549	0.0452007201162942	0.088509179235114	0.00931011698761649	0.0247277468212124	0.00773208049450941	0.0400051000699654	0.0146524506217517	0.00824144435448498	0	0.413491569506892	0.909962849933379
1c5ab7eb-aa16-4a37-8267-d0f9b9055624	0.0268969173839744	0.00865796122419295	0.00289773951740805	0.0875466198253933	0	0.155982081635037	0.0194858675618008	0.0381297018196328	0.0359087088212486	0	0.02114019068999	0.0135543695809613	0.00982095574503514	0.236244839795833	0.0785380519231384	0.0701552644332239	0.00492550007195371	0.0417591255769412	0.0844223757195003	0.0464888088866658	0	0.0174449197880697	0	0.570377923515146	0.832899636549492
240929a6-26b3-4cf7-8894-ea619f3f2f0b	0.00947526181111302	0.0346110409371176	0.0330263122660575	0.0626658883679892	0	0.1642879689292	0.0769902018041033	0.0192369665593384	0.0302641115166043	0	0.00608119720097803	0.017706388694259	0.00477929964201352	0.207957583372436	0.0554802166832336	0.12707064036904	0.0153573096791293	0.0211555469827552	0.0478472424614448	0.0506792243792646	0.00691597252224755	0.00841162582167506	0.003	0.350957234088476	0.937444809157972
e04a7b04-d537-4336-b6c0-a984205f8105	0.0324374957691064	0	0.00176119559940372	0.0507265566227203	0	0.154763028863557	0.0470980526749874	0.0384586058475454	0.0350564675285295	0	0.0154884749145271	0.0178673724874909	0	0.218789384759411	0.107423537917154	0.159475384931217	0.024796202813386	0.0153987285716324	0.0538987384190926	0	0	0.0265607722802386	0	0.577384828937053	0.829065936468793
523ca1b6-1cc9-4e80-93f4-ac27222f8d11	0.0582162418212341	0	0.00190146361977863	0.0250126299271122	0	0.153224607643907	0.0176536395816052	0.0390039634355366	0.0383711596239712	0	0.0229635835275535	0	0	0.41143454473246	0.0758556382767599	0.106339628268382	0.0158928138783793	0	0.0341300856633195	0	0	0	0	0.698783669968439	0.743056323661173
76230cc5-0da8-4f43-a7b7-cdaa0bf86f72	0.0288820638419245	0	0.00147172073821636	0.113033633146447	0	0.0845447277067197	0.0330936276937273	0	0.0641154451255385	0.0070542101308319	0.0662015172012737	0.0548903968026235	0.00015861546754472	0.244621351969976	0.0616876651035539	0.140157553643159	0.0212986019125742	0	0.0787888695158898	0	0	0	0	0.625922322081859	0.800893912158025
6f587871-2fff-4c1b-98cf-0fbd1a4260b7	0.0390520901553559	0.0395222963236991	0.01042310892281	0.0260490836181824	0	0.178800366523041	0.029235692324896	0.0196487059996243	0.078390029227885	0.00359797469533481	0.0804827661291654	0	0.00686323749536894	0.220523517349453	0.0438741673490384	0.112433827981133	0.0260698822517777	0.00734716439750913	0	0.0770974476519481	0.000588641603778474	0	0.002	0.357499811871496	0.93544138660461
0c0ce802-2105-4444-9c31-c74788b04611	0.0410249200637477	0.0148244199287017	0	0	0	0.200380025901467	0	0.0329825660335989	0.10488772044297	0	0.0786892548943559	0	0.0169619272038927	0.161022896778418	0.0307765120788104	0.140974442106979	0.0064723562821174	0.0110293293488971	0	0.146104003184554	0	0.0138696257514895	0	0.431528160244597	0.901368481426716
750866ac-7c67-4866-b7e0-e72e1a0a1595	0.0183882864556183	0.0226557984185582	0.0599864148472852	0.11363215585008	0	0.17718810966735	0.0175279032648885	0.0390620712251595	0.041716563411887	0	0.019864958167204	0	0	0.189246213719572	0.066852580476829	0.11313691405789	0.0423510868445874	0	0.0439604188435249	0.0182511338867961	0.00339789275291585	0.0127814981098545	0	0.480320475385443	0.879227890985579
d6c587a2-3c08-4e70-9a21-cb3ed9088e9a	0.108217070787253	0	0	0.090386203177465	0	0.122860365472851	0.0789584104236424	0.0587953432749885	0.0446846058461154	0	0	0.0202439694568763	0	0.229514562977474	0.11524822899547	0.0807188883475516	0.0256388417864705	0	0.0247335094538411	0	0	0	0	0.565077651824201	0.834482964980596
f7c18a1a-ea2b-458f-8a08-14b6ed2bab4a	0.085267235916914	0	0	0.0843261273439748	0	0.191121981757526	0.0352179464374742	0.0563590325792519	0.0172175194848386	0	0	0.0258665986496495	0	0.184216537804896	0.127141083721616	0.133107853073316	0.00591197194452864	0	0.0287868044982305	0	0	0.0254593067877837	0	0.529769108232192	0.852137084642506
23537609-49f6-4632-b594-665cc21c5530	0.0966852937788559	0	0.035661427323406	0.0946562661048153	0	0.148450046997492	0.0155407163822802	0.0439312147427057	0.00580696567025301	0.01658244540248	0.0111655208195425	0	0.00524637105990181	0.0436833819061621	0.0396670375001957	0.266441903817568	0.0286434491323586	0	0.136639796328333	0	0.00132982834450889	0.00986833468914109	0	0.534546384898361	0.857832656301292
c33583f6-c925-4130-97b3-df2eedfac69f	0.0324333250501025	0	0.0328768795469029	0.0641741985937407	0	0.246312731213694	0.107648100377568	0.0278699997105521	0.0333738237856424	0	0.0439171551587953	0	0.00382209897224028	0.151610526826146	0.0569836889061858	0.0904712869769842	0.0265008766185349	0.0295044054898707	0.0438447734808385	0	0.0086561292922026	0	0.001	0.369088265303426	0.929540459255295
2f4b19e9-a1e8-4a54-a391-412c321e2d2f	0.054368130042186	0.0194917710627926	0.0179313188138913	0.0806012659589664	0.0135440322466532	0.177567448814028	0.0642396233388637	0.0611595511336515	0.0781266194232501	0	0.00339756824613522	0.0357684747514765	0.00550169577350461	0.196126751208699	0.0470781550419979	0.0558890905351778	0.0147861570808537	0.038502068299	0.0351371906845503	0	0	0.000783087544322633	0	0.539232925956352	0.849329935304875
645cbe6f-0891-48f4-8c62-9dbed218ce51	0.0681346092394836	0	0.0114157141008912	0.0368400213572112	0	0.30519407336826	0.0476585873465659	0	0.0308983988439314	0	0.0595919720017059	0	0.0191876950607188	0.128972208275298	0.0896813038635258	0.163614654813344	0.00198501624985808	0.00702544153697185	0.0216162517139248	0	0	0.00818405222831052	0	0.552784474870756	0.843071803947396
d15c16e5-63be-4455-a023-89f69a54d631	0.098693811762519	0	0.00380104757460257	0.0788100909912746	0	0.230751991727391	0	0.0195092736495776	0.0544936656710579	0	0.0314460691286465	0	0	0.162426359618792	0.0177502872697787	0.14803530243268	0.033145394773214	0.024077333778307	0.0535292436175082	0.0127837630354902	0	0.0307463649691607	0	0.534367827136288	0.853591408615668
995d963b-5699-4ff8-8af2-37b84aa7ef6a	0.0366558786795848	0	0.0360931313445562	0.0709388282116684	0	0.195643077351584	0.0519201411866916	0.0185511017916524	0.0164362395197534	0.00870163084736041	0.026336461482773	0.0154137614278219	0	0.206208295668564	0.097995632130594	0.129580780419686	0.0154152736933044	0	0.0436965714235566	0	0.00871970217649897	0.0216934926443507	0.00600000000000001	0.255101336891438	0.979805463904625
7bf7e977-1e6b-418d-9218-112e0c9d317d	0.0320922621442941	0	0.0315305534545802	0.0357640769659843	0	0.118394182437588	0.103087424318575	0.0098977817332043	0.0460932009973671	0	0.0100235036683293	0.00922960340929803	0	0.233158906648566	0.0960438254140391	0.155072646696323	0.00916424981996544	0	0	0.0970964967973902	0	0.0133512854944957	0	0.543286063823999	0.845537026553766
d1518e2a-68f4-4b07-980b-3006bc2275b5	0.0457486994746383	0.014520308538178	0.00263223343041733	0.0956636597055659	0	0.081203117598359	0.0235305899051635	0.03176069521855	0.122878844292267	0	0	0.0376302044189136	0	0.280333195789	0.041580314436863	0.159438445084818	0.0137879888762767	0	0.0492917032309897	0	0	0	0	0.65575989291568	0.784013221975462
ce91a0fd-da20-44a7-a8c6-93b89fa1f6d9	0.0335209482097387	0.00851747963777157	0.0336091433624269	0.0492178042847712	0	0.169850995201693	0.0158165232780232	0.0133133199822089	0.0828902337160448	0	0.0098853396961519	0.00989919129316452	0.0230723575770902	0.1723714532412	0.070472821210143	0.191866203000913	0.0628354790781945	0	0.0392006452961136	0	0.01167237706465	0.00198768486970093	0	0.45459189782561	0.891634083525118
f5f51da2-67b7-4d94-9ef9-dcf9f84592bf	0.0632633968555331	0	0.00826152211522087	0.185861262144005	0	0.144635021864731	0.0915958473949136	0.0377166425349107	0.0725463085028744	0	0	0.0615817886024658	0.0049319606193664	0.115241095256841	0.0689568271147209	0.0883834432056247	0.0212787967049176	0	0	0.0314198350785466	0	0.0043262520053283	0	0.613621986624698	0.805404190128687
