file_id	B_cells_naive	B_cells_memory	Plasma_cells	T_cells_CD8	T_cells_CD4_naive	T_cells_CD4_memory_resting	T_cells_CD4_memory_activated	T_cells_follicular_helper	T_cells_regulatory_Tregs	T_cells_gamma_delta	NK_cells_resting	NK_cells_activated	Monocytes	Macrophages_M0	Macrophages_M1	Macrophages_M2	Dendritic_cells_resting	Dendritic_cells_activated	Mast_cells_resting	Mast_cells_activated	Eosinophils	Neutrophils	P_value	Correlation	RMSE
dc5dd9bb-8571-48b7-8535-26eeec64faa9	0.00738676660992201	0	0	0.0129727909390896	0.00513391527131811	0.069508342062019	0.00851350703144617	0.0281067794227433	0.00415701247734175	0.00467123076170981	0.0370387541551081	0	0.171286600054451	0.0101774624303569	0.042337241457499	0.489689812062628	0	0	0.0647676819584489	0	0.0213347234943482	0.02291737981157	0	0.533334310493345	0.848437040411396
7475c0d7-c776-48ae-aba6-b4c38692bf75	0.033816948439738	0.00194210596131138	0	0.022094976756557	0	0.12978241018471	0	0.00548323539766383	0	0.00271018426268202	0.033373285020986	0	0.134017535135752	0.0704503320775232	0.0724613440693436	0.426963651047984	0	0.00602831817336572	0.0413775212706427	0	0.000914139401135117	0.0185840128006059	0.004	0.334537635529266	0.949034742902876
31c1ec3f-8fb6-41b8-9c89-59ca3ab2d36c	0.00686734450826575	0.00233308512957307	0	0.0356988053705749	0	0.0454615894157104	0	0.055565145310403	0.00172193830639275	0.00967236632401392	0.0201349888909443	0.0158701262703077	0.184344888449915	0.0167419784195572	0.036655186136413	0.519053735988914	0.00340404378622407	0	0	0.030286445835613	0.00406745502808617	0.0121208768290916	0	0.608093937881428	0.8027330009381
23768895-9695-4f95-a075-d7a52ac3545f	0	0.0212196923706858	0	0.0215007235091585	0	0.102388257037298	0	0.00744703692495577	0.0204193971710914	0	0.0224030685882763	0.0182747627142178	0.021207690003978	0.353206741801133	0.00817185809193612	0.340758099919194	0	0.0107686562946216	0.0251841504514366	0	0	0.0270498651220174	0	0.752278581956947	0.693526687731777
bb39b827-c4f4-4d13-88cb-01f258d06843	0.0173683256922671	0	0	0.0114115995912903	0	0.0422565757366288	0	0.014941890521343	0.00274669917322736	0	0.0375768590364225	0	0.0728839617731228	0.192241847233724	0.01885638502549	0.526942181221045	0	0.000872284342936183	0	0.02313960729438	0.0173644754209953	0.0213973079371277	0	0.674572442984656	0.749895611452519
7e26b92e-629a-45c1-9c00-f8f0da99c317	0.0278897388984455	0	0	0.00590285536668169	0.000151120462884471	0.0393478341260404	0	0.0148666942825824	0.0067178433959281	0.00312699343739882	0.0485089022009339	0	0.0606469337133529	0.163443625999497	0.0352402289968239	0.537985163848156	0	0	0.0364802358921656	0	0.000516258741490184	0.0191755706376191	0	0.656326693212031	0.765861748187213
c7c72460-42c0-45dc-900f-7c7e36a5344c	0.0107652016654606	0	0	0.0122980677245433	0	0.0434810731783167	0	0.0138477390699588	0.00828683146148762	0.00231682197075948	0.0243167885353057	0.0031215058464428	0.00895565099963849	0.425423121535723	0.0278442156228366	0.381665149489984	0	0	0.00164355589596471	0.0355069152155701	0	0.000527361788008005	0	0.812391742275513	0.618435914987464
a50ad948-b240-491e-b5c1-bfe82cbb881a	0.0120940327299995	0.00137219486703216	0	0	0.0294422250681713	0.0737630169955059	0	0.0232373110945927	0	0.0698179365480448	0.049138822306524	0	0.113765522029977	0	0.088798916381869	0.476901506841833	0.0085051375546956	0	0.0429400559491714	0	0	0.0102233216325841	0	0.429220991636375	0.902916656435188
eb9a1990-3d15-4d78-a118-2ba30df48ac2	0.00732307677281953	0	0.00728209113401605	0.0608771772921042	0	0.0948042618261543	0.00878791138394334	0.00871076543134137	0	0	0.0563265239245725	0	0.128538863733639	0.0456086249562915	0.0264732469136646	0.494183394600519	0	0	0	0.0253971064228228	0	0.0356869556081117	0	0.573665996295356	0.824947046971315
aab06154-3863-4249-8904-a332f5306893	0.00721426659748265	0	0	0.00227702781032145	0	0.0693402619051304	0	0.00568674621019601	0.00318860022350429	0.00934513799948577	0	0.023301648245157	0.231114959019407	0.0504602501514898	0.0334994734849342	0.452164531259194	0	0	0	0.0242411716042714	0.0569855364119157	0.0311803890775103	0	0.606112742806891	0.802179138965161
6fc11ae4-b198-403a-abd1-f5fe9425fd5f	0	0.0174180800740498	0	0	0.019368617228247	0.0458900638909745	0	0.011317594637935	0.00291811686351478	0	0.0340238825320873	0.00280206935559507	0.0426876435367533	0.310752154462944	0.0251687243493603	0.409879301518367	0	0	0	0.0587762515067876	0.0035298480078382	0.0154676520355461	0	0.771088811698295	0.672668627580105
7803b8a5-c425-4057-9609-272c945e71b9	0.0280532351372517	0	0.0021831242645127	0.00336141550308916	0	0.0709523684041112	0	0.0317799742576225	0	0.000319938906207188	0	0.0219501408108239	0.216945337087662	0	0.0266750859731285	0.54661927095632	0	0	0	0.0478421721283792	0.00113316778819616	0.00218476878269582	0	0.646926561032604	0.775708468831923
14e05589-be0d-4384-8b7d-3c0a95f6e1fb	0.00525076167865476	0.0137617793479395	0	0.0169695100407881	0	0.0741815333678704	0.00358048719576916	0.00693358380682062	0.0158243922089275	0	0.031932727548855	0.00230766334860935	0.23619806314583	0.0865923824864423	0.039279322278907	0.409101830418954	0.00370255476106763	0	0.0402602830631389	0	0.00196972468602077	0.0121534006154057	0	0.454551608980569	0.890722777909259
04442ff3-c0f9-4c43-a532-3755e032ee5c	0.00999967826745992	0	0.000392107197217299	0.0301625083053296	0	0.168293970699279	0.0296489312369499	0.0259174540292556	0.064084338772621	0	0.00604602418953348	0.0387376490604951	0.0658969659960707	0.18101002321675	0.0863907478944182	0.241229427781601	0.00983486330475542	0.014012713512854	0.0246168664716612	0	0	0.00372573006374838	0	0.574974440026108	0.829877151171145
6a848707-7c8a-4d6d-b135-e4e913a00099	0.0290568742995228	0	0	0.017059043111178	0	0.107256821896121	0	0	0.00603903765816442	0	0.0472432241994267	0	0.291200253219128	0.0912115130685813	0.0237195796501734	0.342737145178405	0	0	0.0171033718165042	0	0	0.0273731359027945	0.001	0.406747016482746	0.915682831177287
3f5eb20e-af8a-4e6c-ab81-f3bda4deb057	0.000837244246300393	0.0170396521705989	0	0.0358401166538083	0	0.103507717175207	0.00486769100213753	0.0174905519870113	0	0	0.0851027951260377	0	0.158603753700942	0.0630406868605448	0.0641530091746085	0.380486692798193	0	0.0125815679192979	0.0435890116696758	0	0	0.0128595095156364	0.005	0.331343916924342	0.948644493536296
c893a5ad-6b51-4f7e-973e-47ae9fd5a8af	0.0240461939412875	0	0.0143202105027772	0.0221945060132235	0	0.0642979302179292	0.0124561747231212	0.00285694420398271	0.00810179934584984	0.0108967392706866	0.00896858899244512	0.0179546095493454	0.182535632509453	0.0634370087649756	0.0331305412090089	0.476076862429492	0	0	0.0256664670740004	0.0247340612206669	0	0.008325730031755	0.001	0.418374511956754	0.909865126719839
957893c5-e4c7-4d35-8cf9-67827f69a708	0.0186553374682239	0	0.00499604841106419	0.051140564547797	0	0.0106412821831231	0.0027110119383762	0.0363010228821524	0	0.0039796229035236	0.0283196128369156	0.00712943114708531	0.11722533300181	0.124302643739034	0.0315688472633659	0.477099663429207	0.0125243631696175	0	0	0.0100931623835988	0.00180537134124216	0.0615066813538639	0	0.614700517507551	0.796008081021018
b11fe86a-a888-4609-bde3-9e7a1b5d70fe	0.022730012600181	0	0	0.0226199819434767	0	0.0434965791114765	0	0.0188983588262151	0.00587763095976106	0.00611882695151096	0	0.0348457842798131	0.0540473003660292	0.248743318529668	0.0183046592819405	0.306865282123379	0	0	0	0.17492513394683	0.00541314196770278	0.0371139891120161	0	0.741616490842962	0.704672702429382
f93eb2d4-5566-43d1-aa43-2f5ad0edcb94	0.0211041209958007	0.00316035812544597	0.000837042392529743	0.016262417260121	0	0.071983760232651	0.0190051924166044	0	0	0	0.0454933976653079	0	0.127522619017434	0.140551174275807	0.0137885375323763	0.43900890312467	0.0155773665436666	0.000878315547119899	0.0335130398350835	0	0	0.0513137550353816	0	0.630202474422548	0.789322597851399
5765f775-29f7-40de-94f9-a2ecc45d61fe	0.00541777628389628	0	0.000582135947085112	0.010085250839839	0	0.111538014317103	0.0027915267591322	0	0	0.00925185205178096	0.0112856106235247	0.00861716904695196	0.255122413320752	0.0899732715377291	0.023544089689185	0.432957370268659	0.000132317287329443	0	0.010491633623179	0.0177146577369549	0	0.010494910666898	0	0.498384212097217	0.86693297952398
3a5ba668-66fd-4f1a-b981-459b2a6b770f	0.0234277665517283	0	0	0.00788570654621632	0	0.0927449310064625	0.000573341486858177	0.0102083925838642	0	0	0.0493110326172208	0.00602604379475139	0.108409820912213	0.134208537191316	0.0512451423744949	0.417377472703078	0.00244905238049965	0	0.0540922271743978	0	0.00741042218574124	0.0346301104911576	0	0.573584121623698	0.825691638230537
6509be06-6014-498e-adaf-99b74ad64eaf	0.013060057195782	0	0	0.0388189085214024	0	0.0752110570571541	0.00267116448959126	0.00210057231596195	0	0	0.0345135437855242	0	0.184969532225856	0.00197566527493786	0.0396815179396768	0.532960198469317	0.00606832547559831	0	0	0.0293687481065483	0.00583773879186407	0.0327629703507855	0	0.697975272395245	0.743778997430943
dacbaed5-777d-47fb-9f34-d0132a0cf68e	0.00675598360740677	0	0	0.0129129740386441	0	0.107032903568476	0.00240270213978099	0.0144036948795205	0.00178640832536891	0	0.0190272943738826	0.0310763470146426	0.238438329591018	0	0.0626451813340757	0.463179899447366	0.000361809719819472	0	0.029783039970205	0	0.000910729279033562	0.00928270271076029	0	0.638108703786498	0.786619293118744
69c0cd45-79bb-4fec-85d6-f57b3e9ef217	0.0307897982303099	0.00350698796614919	0.0036054805479882	0.0754117513674978	0	0.114779674471082	0	0.0285029262582044	0.00492260482426202	0	0	0.0672086606540817	0.124087887192714	0	0.0183640954116078	0.211762867768437	0.00961039503474211	0	0	0.270576802516713	0.0170929807377644	0.0197770870184469	0	0.540668164279917	0.842271476058962
62671e05-804b-4360-884d-0847cce4e190	0.00198507400871034	0.00627856028072368	0.00717179624530631	0.0240701142078917	0	0.0939232027735564	0.00779670651288938	0	0.0126730866253311	0	0.0372378301926011	0	0.234980901397394	0.106965893506635	0.0400217544434088	0.404178490207865	0	0	0.0162970299531438	0	0	0.00641955964454257	0	0.616722834067753	0.799364551118445
46ae7938-8eec-46ab-ae85-3c7123bbd488	0	0.0323292172313754	0	0.000660882009695781	0.00734566510286884	0.0816161440898933	0	0.000455936646665448	0	0	0.0299056702055985	0.0083047010861428	0.212538000509132	0	0.0156123959571155	0.494687213290932	0.00162283423132861	0.00173119531016366	0.107498169541539	0	0.00263458952796212	0.00305738525958674	0	0.542659122953151	0.843203326814018
fc7074e3-3853-41b4-9a75-82fee8f07a6e	0.0154107997045717	0	0	0.00376410975963006	0	0.0944581546449092	0	0.00739776748362449	0.00329701083139071	0	0	0.0679059238481134	0.189681060822797	0.0124128626199383	0.0204166480773847	0.533379157339959	0	0	0	0.0245084242610786	0.0030027376426638	0.0243653429639386	0.00600000000000001	0.311949212746202	0.968238177408049
ff72e552-93ed-46e0-af3a-924a7f3778e3	0.00918303779208022	0.0136256543288273	0	0.0468793531421549	0	0.116097084501808	0.0211194900967252	0.00255607471548589	0.0310165852745065	0	0.0549875753051033	0	0.138544677139091	0.0653977510912043	0.0178746806949508	0.439387693456172	0.00222670878747638	0	0	0.010804770809589	0	0.0302988628648249	0.003	0.355627209451632	0.939412014464202
0f38416c-e746-4d3f-a95b-9396ffbb8c59	0.0185881846771948	0.00156982561491672	0	6.21263888278921e-05	0	0.224162940552556	0	0.0285900838466395	0	0	0.0126841638569782	0.0743975544237941	0.159357270789593	0.000203987244613947	0.0153682579975194	0.214830747453348	0.0093299910075881	0.000593728217169106	0	0.201882866031742	0.020430759287076	0.0179475126104425	0.001	0.389684985074193	0.922396072603977
610670aa-dfbd-4571-bfff-9061325df64a	0.0298994226510165	0	0	0	0.0176733104549596	0.0706697075878222	0	0.0362366564046489	0.00053328859046726	0	0.0839170412015678	0	0.165339828052425	0.112919052163805	0.00642054154034054	0.392219634108703	0	0.00144202787687037	0.0209681798941466	0.0214194863492835	0	0.0403418231239428	0	0.470466986076342	0.88207820325111
cd1116d4-4c65-4834-84e0-91b35bdc3a7d	0.0240053835947839	0.00292846750991474	0.071668309157671	0.0625651842532401	0	0.0929508403277684	0.0190041251161282	0.0373239508550071	0.0183307409223207	0.0581788152518637	0.00523546999434387	0	0.211872062098959	0	0.0590841925882912	0.304255913808365	0	0	0.0227646431337452	0.00245883315847729	0.000847740943504499	0.00652532728561654	0	0.45458604521255	0.891145680846
8a601437-8209-432d-9c6c-907d69a2c18a	0.0164724930071734	0	0	0	0	0.101879406533114	0	0.00399932232685124	0	0	0.0313245844484606	0	0.115848588169883	0.240049600275329	0.0360334737369421	0.404545266754853	0	0	0	0.0140772582214458	0.00229555190477237	0.0334744546211762	0	0.449653977926942	0.895911329504725
03c995e7-8809-41bf-b553-ed83eeac5d7c	0.024066960278867	0	0	0	0	0.0581065509325579	0	0.0164335811083875	0.0070040310364381	0	0.0309559784816743	0.0103439216412837	0.0855877522790116	0.270782881112668	0.0334434039161449	0.406250824173676	0	0	0.00543058024943394	0.00742173327997397	0	0.0441718015098836	0	0.720582766993978	0.717590124463364
78ce2c0f-5040-4ce9-b0c0-6d1526eff7fb	0.00740581166468137	0	0.000705848899765965	0.00831144952444224	0	0.131806062697381	0.00367590596170293	0	0.0289491108746981	0	0.0363979459423817	0	0.205358005497978	0.0610042882795365	0.0249133555855518	0.443497202577313	0	0	0.0210613867519135	0	0.0156048961718806	0.0113087295707725	0	0.43083251181671	0.903034573893343
ea08252d-394a-43f2-b922-ac412d50011e	0.0352932176210254	0	0.00468156881648339	0.146502136852503	0	0.104956015942336	0	0.0325700376236972	0.0148034196121333	0	0.0269874333492465	0	0.145687712949468	0.0180533968063117	0.0619972117271248	0.358333519260331	0	0.00721115184036982	0.0261834289690698	0	0.000233709022622777	0.0165060396072777	0	0.661202567042897	0.786788889051192
2ca65156-1816-4d7f-965b-68a5bd46f2b2	0.0219607447915887	0	0	0.069161414801193	0	0.107414598815057	0	0.0132075059720488	0.0401668717368584	0.0069685985714535	0	0.0297015661970686	0.214358091489373	0.0200904697499793	0.0463392871734526	0.392687384873444	0	0	0.0265722722176729	0	0.00169943728126945	0.00967175632954049	0.001	0.417703519562125	0.908390178109199
4e9c6e86-be81-4442-934f-af63b25c6614	0.0369236695397263	0	0.0181541346739377	0.0589006723472409	0	0.0364314232579812	0	0.0457827072767874	0.0200914646549359	0.043406005876545	0	0.0654596620686435	0.130068307156448	0.00499795172690347	0.0645942668720686	0.429675925750537	0.00414922845034849	0	0	0.0173473045628863	0.01014449805647	0.0138727777285396	0	0.649222457550077	0.786813477555052
a9080cf2-80e8-4453-8708-353ab0cbe82d	0.00207630235605693	0.0033995401876876	0	0.00156210127818587	0.00572255681138366	0.0850493459617873	0	0	0.00853600196227878	0	0.0375355397757263	0	0.0807615071529462	0.300002942937784	0.0161013051927816	0.392942843137782	0	0	0	0.0234564157951888	0.00793295722511825	0.0349206402252927	0	0.704573039158682	0.727400702261225
4af3bbe0-966f-4e9c-82f7-345219231ec1	0.00978735409467328	0.000647556635409693	0	0.00889291240183227	0.00843858354728055	0.0301540396503861	0	0.0255319951292046	0.0137899677223262	0	0.0651860354977807	0	0.0656535652818362	0.326448306447193	0.0270172093261591	0.363963479643397	0	0	0.0195334462737657	0	0.00255822594600749	0.0323973224027481	0	0.510256777529509	0.860405774062542
8c16ab44-5bef-42ed-906f-89dab2f552f2	0.0305143552474172	0	0	0.0680675933437078	0	0.178044419298878	0.00724513720070156	0.0352814195040573	0	0	0.0335219923910082	0.00356146159315512	0.0718209007744124	0.053634110755321	0.044987359884667	0.399690727228512	0.00206427879654679	0	0	0.0436800330717904	0.00142938816575669	0.0264568227440684	0.076	0.128443589884267	1.03655541587782
5318d857-38be-444c-9f90-eeefba8b3740	0.00664377945397539	0.00942680801754881	0	0	0	0.152118960603049	0	0.0213611482614733	0.00204360900619504	0	0.0385162234313027	0.00436968829984451	0.174848842967191	0.0862635111278502	0.00595237811775756	0.431692431483854	0	0	0	0.0180787678269769	0.00675503492671333	0.0419288164762682	0.00600000000000001	0.307196940738605	0.965899732358629
8b443409-cf51-4671-a24b-93218fbbae9e	0.0166797357021587	0.0122290150987245	0	0.0367994608387851	0	0.113208189913462	0	0.0223994442841716	0.051065071520605	0	0.0545251328466021	0	0.0320862505907261	0.200329340976909	0.0427733953708398	0.385999583414839	0	0	0	0.0174790587825863	0	0.0144263206595911	0	0.490835563926349	0.871048938134837
5756e182-e2ef-4e97-99b2-71c392151ee5	0.00548525751491407	0.00073747883400499	0.000705906756648757	0.000331092271938257	0	0.175251657704147	0	0.0092916296595003	0	0.0307062568872538	0.00965291624797083	0	0.126816307763375	0	0.0421118613492434	0.512085172789988	0	0	0	0.0701921700976393	0.00318499304808114	0.0134472990752965	0	0.562639269233398	0.831449547292994
685338e0-6ce1-4ea3-b860-d162ea82a117	0.00280868647431095	0.00796004776277289	0.0150148965456827	0.0769535909443822	0	0.0726523775639251	0.0274936619911447	0.0179362944127885	0	0.0404907523416061	0.00166290297171404	0.0206790597691032	0.208265841305004	0.0359264028590188	0.0268518661627466	0.365629931921611	0	0	0.0427610587271483	0.0124570289546336	0	0.0244555992924071	0	0.52975683716335	0.853225947907183
77765c29-3ed4-42c4-937d-da444a83dafa	0.00198266999505145	0.00715209976294682	0	0.0233793464154626	0.000761562862148354	0.0451135791556615	0	0.00970021737119904	0.00649132603571411	0	0.0578094073480993	0	0.0760025698403549	0.340341453196159	0.0221130114594728	0.366323075614621	0	0	0	0.023860627966525	0.00352675191847598	0.0154423010581081	0	0.448661849563932	0.899701579158701
1d01565c-c9b3-4182-8823-ad36bfaa095b	0.0132223054579637	0.0022847729323022	0	0	0.0293140055262575	0.0795661998847176	0	0.0157441268900137	0	0	0.0138262781470367	0.0395055553331293	0.247898689988155	0.0560573818302502	0.0240418821736698	0.424685006065001	0.00972307358058748	0	0.00108406751165846	0.0285944822518826	0.00989130878126845	0.00456086364610615	0.022	0.196137072728301	1.02002908338209
815f05c5-b23f-4480-8045-221b6b1c74d1	0.0109771018687183	0.000991868825769714	0	0.0195519271206125	0	0.0357789540107662	0	0.030081082408584	0.0309758404001058	0.00157121888198493	0	0.0122730401953563	0.088276643112131	0.324623845215957	0.021172317365985	0.361690123797837	0	0	0	0.0278934634465763	0.00619315376577794	0.0279494195838386	0	0.638151573517021	0.775424784647595
70deeea2-d1a6-4f8b-aca2-426367bc07f6	0.0104977856211697	0.0370672962341372	0	0.0610636927008851	0	0.118221829571352	0.00412908405205455	0	0	0	0.0303542492284747	0	0.0765508874003229	0.0639179741893978	0.0173574390206191	0.465667503131214	0.00301547533149922	0	0.0757999453106672	0	0	0.0363568382082062	0	0.657075099684467	0.782717527686716
4f72e8b2-82e5-472b-82e0-cb11226e1e69	0.00901819523376097	0	0	0.0185809023785166	0	0.123232629630547	0	0	0	0	0	0.0300832751913971	0.282265522896977	0	0.0383723293854262	0.424507288136424	0.00281532597657348	0	0.0622903622366387	0	0.00226914191558792	0.00656502701815122	0	0.617707894461758	0.800188034041146
9a01f4a2-217f-4581-85d2-f926459007df	0.00627897086730556	0	0	0	0	0.064007621489755	0.00754201611190798	0.00953080579660635	0	0.00657602043683805	0.0164689816584689	0.00418540422538748	0.219858594197838	0.113446215475055	0.0288474357541303	0.396193845514279	0	0	0	0.0815018455190255	0.0253976965644012	0.0201645463890015	0	0.449074729966687	0.894411006418198
3056dde8-e840-4e86-be5e-43346793d173	0.00590834584419317	7.49004529176092e-05	0.000811201145665709	0.0461335948910716	0	0.0613353823381098	0	0.0206183894090988	0.015088125830556	0	0.0247469169502089	0.015176587466208	0.204329447387973	0.10837435117562	0.0239493745145645	0.400067975804591	0.00463710695047302	0	0	0.0297025764996429	0.0256405745018793	0.0134051488372269	0	0.52388069265121	0.852961353694558
14e2eef0-78fb-4973-9e32-f7ce6f19eb30	0.000862409274109376	0	0	0.000763607512008618	0	0.0265280462438417	0	0.0323167722091004	0	0	0.00330920075097706	0.0196431849167544	0.193844359419094	0.166105029907022	0.0354708331577403	0.252654997373158	0	0	0	0.229254812427754	0.0207072871603786	0.0185394596480616	0	0.556316612226674	0.831084783193128
d6cabed5-01dd-4a94-ac95-f25fdd8e07de	0.0160896730351895	0	0.000918626078731128	0.0430213428080325	0	0.0861968691965398	0	0.0160010389103266	0.00337574966792711	0.00404055220613831	0.0284986851599983	0	0.206206313292958	0.188346586277318	0.030483193597023	0.344493501844714	0	0	0.0182084960457746	0	0.00425967445953744	0.00985969741979231	0	0.613185371728046	0.801162612517678
b1030e5f-456b-4f0c-bea0-5e05ffefaab7	0.0314519101444992	0	0	0	0.000481306340422187	0.0782230474904646	0	0.0204996514085554	0	0.0171335653531079	0	0.0391986458615429	0.200377816108447	0.00623250952618292	0.0156614221206515	0.551894325968741	0	0	0.00345796109637526	0.0126043270055642	0.0102583941544389	0.0125251174210068	0	0.560827450658879	0.82971305905645
f435168f-9411-4c7a-a974-d33841249062	0.00571607849549437	0.00702275587130753	0	0.0265311867249463	0	0.0850293279272281	0.00226347949552054	0.0162378304665528	0.00342530366177488	0	0.0405382326507596	0	0.0603125539681645	0.260960596040965	0.0597074575925239	0.377637475178548	0	0	0.045069939943499	0	0	0.00954778198271596	0	0.677524677170099	0.756194165369281
0abe0b4b-5279-4eb0-8985-432f5cdd8a55	0.014211932660327	0	0	0	0	0.0896201222922631	0	0.00155230092972565	0.00112773080554995	0.00558622863170407	0.0467271403205001	0	0.151595528565879	0.217537141514671	0.0288894729271117	0.384055824550768	0	0	0	0.0437585629900604	0	0.0153380138114399	0	0.499506744269681	0.866178664939426
a9f38529-3b55-48d4-81fe-68fa8c3f7e9c	0.00580216282334009	0.00471344644753175	0	0.00452853288187085	0	0.106662652187632	0	0.0155869239148314	0	0	0.0189097141904402	0.0738412960114226	0.275744340097085	0.032453772141503	0.022462693003558	0.300832976700623	0	0.00181634526529438	0	0.035167076571635	0.0115224035406045	0.0899556642226285	0	0.692394864256576	0.751866607506167
bff8f4cf-b1bc-4e1c-8614-7582c284fdca	0.00558650182604604	0	0.000294082932337396	0.0144914961423438	0	0.063968651875251	0	0.0209223097128176	0	0.00633211741087742	0	0.0283242813452349	0.122464857843948	0.13088629746998	0.0302939932365472	0.451444096386165	0	0	0	0.101524421720175	0.00826257090130035	0.0152043211969759	0	0.747331888203765	0.707643710352669
1c9032fd-25df-493c-bc8b-597c317ab249	0.0357934029439404	0	0.00194751407697327	0.0228377288031927	0	0.159184556288914	0.0186941969933965	0.0262078383115586	0.00942160523565838	0	0.0214461533491713	0.0170927828745871	0.187461812840805	0.0508545322891166	0.0394174056373847	0.359823134665808	0	0	0.0400577327461234	0	0	0.0097596029433692	0	0.467241703457009	0.884886394583681
0ec0d17e-8140-46be-97b6-a5c3969e4b06	0.00798659758829169	0	0	0.121593662323961	0	0.0632514546196626	0.00163928381727978	0.0178019060891953	0.0148191995639003	0.0213580243652118	0	0.0422936827802738	0.150760681017432	0.0385644566845845	0.0700369554826327	0.434895068443792	0.00130691697458355	0	0	0.0125883489647933	0	0.00110376128440561	0	0.822712804321157	0.673625991565379
816b9111-676f-4126-83c8-fc116ef22199	0.00352953514728777	0	0.00296860448366228	0.0323405067435586	0	0.103962650592505	0	0	0	0.00535962881923113	0.0171630088850227	0.00268631646286185	0.284623707648948	0	0.0106441711379988	0.437504809438069	0	0.00629349109132619	0.00517981163277088	0.00124319014055271	0	0.0865005677762051	0	0.456878743373455	0.890651689375139
13dd3e58-c6f7-416c-a515-e05ca17a8b67	0.00410264521487697	0.0213717997531932	0	0	0	0.122390039399826	0	0.0139803976515606	0	0.00328563212780948	0.0355385821216499	0	0.257834243420222	0.0306470774760112	0.0190910201005132	0.414248344977672	0	0.0166808459553303	0.0334990368712443	0	0	0.0273303349300906	0.0639999999999999	0.137585509319181	1.04340164708777
1ca3f11b-e359-403b-a22c-2e81ef8033e3	0.0167246101063898	0	0	0.0158101225248917	0	0.0762591993308214	0	0.0384341709430208	0.0235602130323912	0	0.0565619712617912	0.0184040659849861	0.212413397952639	0.0600578536943999	0.0136679703162349	0.374630681615122	0.00850547374193256	0.0011108170131445	0.0256115394253109	0	0.0443929355010025	0.0138549775559215	0.104	0.111038804571425	1.04773495037799
acee2e39-bcdb-43b3-b5e9-b34d318356ed	0.0321695683430786	0	0.013730348543477	0.0518771763202037	0	0.0664660569164124	0	0.0107551053606051	0.00646822598273458	0.00980979600390365	0	0.0275973100499864	0.205523141546769	0.0222672843702709	0.00670515887796318	0.48591924454747	0	0.00158387523750155	0	0.0284360316467027	0.0117495402430594	0.0189421360098625	0	0.697556043022551	0.749045514554936
97ccaaa5-889b-45de-8de0-f38ae74a7e0e	0.00285490991262874	0.017949407912058	0.000710687085672655	0.0753040976842439	0	0.00631721110575507	0	0.0330415249052417	0.00846357612080239	0.00442080770170761	0.0238909475116829	0.0063130254036865	0.103417517859901	0.200444758124892	0.0306782694529769	0.434412605662838	0	0	0.008735135366807	0.0176198249717225	0.000778136577368251	0.0246475566400153	0	0.753371821755376	0.702838135970638
b4869fd9-9725-422c-af3c-da12f67d5a11	0.0235261547353226	0	0.00161608571086039	0.0026123674467616	0.0111942008754489	0.0441927492952494	0.0137871474257839	0	0.012972126698539	0	0.0594419369498928	0	0.126532049940834	0.0451509808187662	0.0178614521385097	0.487680136474195	0.00972028357249374	0	0.111115945466152	0	0	0.0325963824511911	0	0.678739101919912	0.765227197123025
8eecf388-0220-4f0b-a9d2-361c588ed6df	0.0252835434006663	0	0.00565204584297514	0.0384451913165944	0.0171601435930586	0.0154144996839907	0	0.0135963173280908	0	0	0.0125748274301865	0.0146575603922241	0.0449803101616076	0.299378035941851	0.0127603007262247	0.350488062038281	0	0	0	0.133966556831102	0.00581280131239647	0.00982980400074966	0	0.741757303163678	0.699695107252552
670d6825-2ed5-49a6-861f-9a43a4ea63d9	0.0131550084698117	0.00582694025773303	0	0	0	0.148267217326282	0	0	0.0167903696358351	0.00240497697610396	0.0424008378692517	0	0.22789561075266	0.0356773207180526	0.0278191250519103	0.412037314909679	0	0	0.0341034274742471	0	0.0132870572777418	0.0203347932806911	0.00800000000000001	0.250841779353548	0.989061815948242
b44ffe75-508f-49c6-8758-f5feeaebd0c4	0.00336617315171252	0.00114591020701201	0	0.0276137523216003	0	0.14956346468655	0.00689137878437757	8.28043105967043e-05	0.0162608797527151	0	0.0129264677539966	0.00205734524130225	0.0747689247190127	0.256179721459644	0.0217341034664763	0.367362300527266	0.00679272641282908	0	0.0413056465564857	0	0	0.0119484006484227	0	0.735908203943968	0.719229378847985
7fe465d3-a192-413e-a928-1d125c2e0ea3	0.0188488320574383	0	0	0.0134280567287314	0.0103055759635641	0.0268450820720579	0	0.0165862747503617	0.00880147311336129	0.0271063405548783	0.0344486172195733	0	0.0334725914303146	0.128353724029613	0.0292427173695903	0.614273235832501	0	0	0.0257104386416408	0	0.00224343158505291	0.0103336086513216	0	0.716439333788377	0.719663581677137
0cdb9c14-129e-4aad-b518-cbc28dc7ffa3	0.0216549291054536	0	0.000527909794662512	0.0218054261113633	0	0.1196387601086	0.0029350944866249	0.00611998465796407	0.00929969426280398	0	0.0271494037763042	0.0101979388888532	0.248207291660296	0	0.0280364587357118	0.48359751112307	0	0.00102051780955917	0	0.00753090611087376	0.0101626056568772	0.00211556771098136	0.003	0.347244388036302	0.946935253425426
1879c4e8-4069-4ad4-9901-9500972b9c6d	0.011884273341926	0	0.00142048332004853	0.0122694401880882	0	0.0466458554554191	0	0.0198152709126521	0.00384289832495951	0.0109835840887168	0.010488581518108	0.0255559628970474	0.144768609849133	0.158331275844068	0.0218587810741342	0.449685465169812	0.00100301684551795	0	0	0.0573287941706489	0.00285012687908641	0.0212675801206348	0	0.810138856549225	0.658549286341938
6bc3c1a9-893f-4828-9d8f-7d639b1ef1a4	0.00986154304483062	0	0	0.0229105062867796	0	0.0767967125530262	0	0.0176432991546808	0.0100281887794986	0	0	0.0566806636507801	0.117741402609844	0.21775785414786	0.0310470844650675	0.369402335585363	0	0	0	0.0486283488496713	0.00691582086226149	0.014586240010337	0	0.643498682747158	0.779146746595866
5452fb87-1a4a-4b77-8268-916cb8338cac	0.00906046478905812	0	0	0.0213314120554849	0	0.144104689658796	0	0.00397895531561023	0	0	0	0.0374774777264896	0.283008857624491	0	0.0603870330801908	0.423688179682212	0	0.00580222170793719	0.00340406431943977	0.00578578193186518	4.60852068112398e-05	0.00192477690161409	0	0.548004998032497	0.83908630548662
89484eaa-9dda-4ccb-ad19-7cc612d087de	0.00415081481621681	0.00245897905807169	0	0	0.026089051032292	0.0253265585515581	0	0.00918899866138045	0.00236544373726122	0	0.0508454676319744	0	0.126023455185666	0.335542940358956	0.0165870262915903	0.334235149268849	0	0	0	0.0142328007610237	0.00900894664781917	0.043944367997341	0.002	0.369464235394323	0.947493213657512
f5ebe1e9-9fe4-4a94-8b0b-dbc7db59ba51	0.0102664990330038	0	0	0	0.0188001684631017	0.0257696274192067	0.012191448131222	0.0113585651882536	0	0.0136574051876906	0.0183653502756401	0	0.147702494968525	0.00071553882146214	0.0205554256951377	0.635184912714616	0.00243418948682082	0.00439364988425031	0.0413102490262601	0	0.0234422737981473	0.0138522019066628	0	0.572025674271115	0.821510311027576
236aa449-05f1-4a9b-8782-e1a0181f6de5	0	0.00682535126283776	0.00073411815016118	0.046155398529577	0	0.144772860247929	0.0255533735548166	0	0	0	0.0308635673728303	0.000127290508447096	0.11890719487192	0.0791854490807206	0.0151836938599688	0.399473275651875	0	0.0132147942074093	0.08808164458388	0	0	0.0309219881176276	0	0.449894336663122	0.893115049657046
4243c962-8689-4808-8aa8-bfd967b3d479	0.00689314252658067	0.00287943004242965	0	0.00338612025120382	0.0356066541989595	0.0582177503469982	0	0.00801963171762178	0	0	0.040280808631966	0.000247917270426694	0.0814382653366771	0.19025256886183	0.0353429829551472	0.449958081597247	0.00220801934202465	0	0	0.0357926337858008	0.00679586144077732	0.0426801316943093	0	0.534672167412591	0.845039193248211
d220a16c-a4e6-4be6-b892-1e3388e3a8aa	0.00511947356808031	0.010660211418513	0	0.0121909989886264	0	0.019092349189328	0.00813724808310733	0.00890831860379112	0.0134439389272809	0	0.0312315216277312	0	0.149087639272733	0.243581282306894	0.0155712356585157	0.456546982699025	0	0	0.00326089870557474	0.00268939886607812	0.0038664384457495	0.0166120636389721	0	0.735318476407179	0.702654101505247
cae27849-411b-4507-9947-252153d20d98	0.0176444041946747	0	0	0.00972056018451845	0	0.0688813725940308	0	0.0188780461925168	0.0152567748440641	0	0.0201429766701831	0.0183358021599699	0.152734180842581	0.155689778795003	0.00581164391005259	0.4427988399766	0	0	0.012660608688318	0.007333483390708	0.00390255129896251	0.0502089762578175	0	0.784825466381627	0.679808638052792
00c0f995-1429-4c2d-9ffd-dbb71ffeaba7	0.00531950564493107	0.0035159627100839	0	0.0279029824221024	0	0.0330711486178058	0	0.0119575313210265	0.0268825407319385	0	0.0316584982140508	9.76846898036182e-05	0.112397836503425	0.184432313024847	0.0246252140756844	0.478076683603282	0.00722954630872801	0	0.0230542491863081	0	0.00187791573859608	0.0279003872073869	0	0.513130882353804	0.85824592682665
4bd4daf4-e4ea-4483-8bff-af83564da080	0.00389067326230394	0.00488496468294822	0	0.0269476721632704	0	0.0959879494229728	0	0.0127455767233008	0.00990666706739597	0	0.039388013213548	0.00841570224518936	0.0327328272741756	0.258733127492925	0.0581698605061767	0.411304727607856	0	0	0.018168566622322	0.00129311190584899	0.00426412079174762	0.013166439018019	0	0.688036416376283	0.745906866378018
9f24b034-78d6-42b3-ae73-6e8edba5f922	0.039089216916295	0	0.010052732324351	0.0298502436947934	0	0.0713656737506312	0	0.0251510445009508	0.00025631994605113	0.00671204593823017	0	0.032193764390665	0.134738999854741	0.171043604257572	0.0345052747524012	0.339068817992117	0	0	0	0.0967745071299831	0.00301004444076635	0.00618771011045259	0	0.723383559295872	0.735878043582167
2aef36ca-864a-4797-8fed-343c318dca82	0.00443685132672573	0	0.00440374835061327	0.0505457902777166	0	0.0934630196221574	0.00392865042149789	0.00791777102329638	0	0	0.0598321475168069	0	0.151848371867228	0.0691395097245262	0.0333073189079699	0.473627794127278	0	0	0	0.00774328959441533	0	0.039805737239768	0	0.580792682060335	0.819844074811313
4c162656-f5a7-4f77-b3a9-62460116255b	0.0136642809863198	0	0	0.0093396251232307	0	0.0826680588062525	0.0119120408391786	0.00668367452003436	0	0	0	0.0638923532672015	0.23266254053875	0.0677900173892324	0.0226492947681746	0.42648477205027	0	0	0	0.0230918955665268	0.0106201026288375	0.0285413435159922	0.001	0.413673405796266	0.913023773655782
1d8f8bd4-6fca-4caf-85ac-46d69b63f4e2	0.0140307795944697	0.000218294746091476	0.000962253619180686	0.0540712590934817	0	0.112570530914952	0.00189025202509817	0.0380504979115332	0.00774024709955753	0.0164757452839686	0.00680702271839722	0.0193680249910653	0.0221641616305352	0.156780674888328	0.0363805391476448	0.443951388156111	0.010820859308719	0	0.0384845830226812	0	0.0104334191130104	0.0087994667351756	0.002	0.366991810696281	0.935514451210572
b1658330-28f0-4773-a05f-c7f62ed647f9	0	0.00516831837098131	0	0	0	0.0530974136932265	0	0	0.00176339665839095	0	0.00600375658655784	0.0232115875750862	0.226051886162802	0.0980739905529069	0.00406761722788584	0.534726340671386	0	0	0.0150423295517295	0	0	0.0327933629490461	0	0.588306036160474	0.809821007878259
86254d9e-659c-48c8-bddb-dd7be7217007	0.00724791584899715	0	0	0.00413434636478935	0	0.0876020141166055	0	0.011378848876696	0.00324023889291428	0	0.0414582628753032	0	0.0494525771518388	0.398729473688074	0.0204521381015269	0.282022754897713	0	0.00754408597684552	0	0.0455222798044766	0.0105876338515885	0.0306274295526311	0	0.437584683595234	0.907276534247332
dc0a78fa-cc9a-4741-aee1-7cec162da57e	0.0101248921224659	7.91329032342264e-05	0	0.0571753081929022	0	0.0902630627010071	0	0.00352706590697986	0.00300052872084911	0	0.00357479594206713	0.0101435749919137	0.321150570963595	0.0572024877723524	0.0229200166901238	0.389380364224072	0	0.000359392065526213	0.00809558856540014	0.00417782895666817	0.00233519833404433	0.0164901909467982	0.001	0.4097563056469	0.915785969273665
727aa475-97c2-4177-9d1c-c73ba8425a2d	0.0018227690510154	0.00836445362063628	0	0.029117207629659	0	0.0693878404760415	0	0.010240399113638	0.0151075886116099	0	0.0273553934586049	0	0.0859112220453135	0.326993632509906	0.0238273292570692	0.33634220904955	0	0	0.0149395471487388	0.0199319920883955	0.0144020962345805	0.0162563197052412	0	0.488648669225886	0.87351966847289
2bc396f5-85c2-4e97-9919-f129e90c8f83	0.0194073018738967	0	0.00295137000127784	0.0174375169201824	0	0.121785154084069	0	0.0233109050363939	0	0.0263915721415478	0	0.0366040140773094	0.122068535245741	0	0.0273645615485886	0.470978046508828	0	0	0.0608845375285524	0.0382468084433823	0.0234302838813869	0.00913939270884389	0	0.699647569190852	0.75856065686776
7f153fd4-cacd-4f67-aacf-adac1e1c7ecd	0.0113299399948685	0.0137470677489945	0	0.00937430666371765	0	0.0756050075832926	0	0.0222507829134429	0.0171102729570126	0	0.0636902587510681	0.00199353363483175	0.113345006777089	0.268157835790167	0.0110996075694524	0.260849055437236	0	0.00465764374502201	0	0.0866068688284224	0.0102927616380654	0.0298900499673165	0.00900000000000001	0.229228186652327	1.00583633540655
7a27fc33-28c5-4ca7-ac7b-5ef78bb04592	0.038288980074926	0	0	0.0137364068874884	0	0.058199255490572	0	0.0253500684915697	0.0275560975257324	0.0165578989983108	0.00493819079490177	0.0105984092606436	0.0164515731499018	0.245274213876165	0.020215979723387	0.429454506584431	0	0	0	0.0851049769495181	0	0.00827344219245271	0	0.707765246072073	0.73057909878331
cbc5497d-c5a3-4b9b-8f19-f5e9e5f76ff1	0.0152202469423272	0.0045888446807716	0	0.0263054067554345	0	0.116209463309152	0	0.0819746113960848	0.00686517706695115	0.00931118633303708	0	0.03302770357785	0.111098078331395	0.00993278471306416	0.0425200779694609	0.466579827604062	0	0	0	0.0577800423885337	0.00947738132892557	0.00910916760294974	0.001	0.423629044048532	0.905593646588077
0f3fce2b-bc38-4049-be6f-2750b970c8a2	0.0107207497852407	0	0.00174242166254823	0.0195337336855935	0	0.109407290268414	0.0421799238073728	0	0	0.0013750057842711	0	0.0329341644373659	0.286074312871008	0.0695085034734226	0.00957547728210111	0.306592110670168	0	0.0115125133255475	0	0.0577363228379	0	0.0411074701090472	0	0.506668440572439	0.862938691912958
9191c7f9-0ffa-4267-bf74-b913ea827185	0.0256187407789083	0	0	0.0148723084883811	0.0285547007721966	0.0462255536490831	0	0.0143767565112548	0	0	0.0613275632014644	0	0.0935271093835095	0.136287360695102	0.0397846226440413	0.465914934657627	0.0162807122058391	0	0.00275856185209217	0.014636641791531	0.00401695613970747	0.0358174772292623	0	0.618461192758396	0.795612950096007
5a4c8bfd-dcd0-4ab9-af63-e3ec8a885175	0.0139984356315604	0	0	0.00760380534160084	0	0.057431970454801	0.00436072761954545	0.0158608612205412	0	0.00952303114235914	0.00723353238068405	0.023835162136633	0.163558873851237	0.123950796843568	0.0314664083920622	0.465284495420692	0	0	0.0546515745186079	0	0	0.0212403250461082	0.001	0.396475802137258	0.923120481854756
e72514f8-62a3-43b4-8d12-3409929f5e27	0.0164958194528842	0	0	0	0	0.0862911803166355	0	0.00875440290691161	0	0	0.0251208929460334	0.0104412673477771	0.300380823397014	0.0436500719732675	0.0571725758433574	0.374115047088875	0	0.0228635523028282	0.0312263145286681	0	0.000360749484586204	0.0231273024111614	0.004	0.336119222180965	0.952337745822412
ca7b9801-08d5-4072-913c-23aba0645145	0.0249142278632442	0	0.00232314556724904	0.0680208809093241	0	0.0778620946744204	0.0145544602009374	0	0.0117831445998873	0.0030004918119478	0.0219775441747249	0	0.131061680158504	0.0832710718082777	0.0153876983339619	0.446465428025608	0	0	0.0336407364788727	0.00197118713272383	0	0.0637662082603165	0	0.660085260326639	0.775031938747603
068c7318-529d-45ea-84e2-161ee6e656ee	0.00332832550933467	0	0.00495422868852635	0.0339817940455511	0.00230854775411637	0.0110032897093922	0	0.0922085265171707	0	0	0.0241418747199577	0.02781815003484	0.0977258209103627	0.133479187341033	0.0376909405852557	0.447514543864904	0	0	0	0.0749813450690116	0.00252252623107014	0.00634089901947396	0.005	0.327669749191651	0.95722025169415
45a7ebf0-2389-4c5f-9980-7de755472cac	0.0156353481389587	0	0	0.0495851965474288	0	0.089566089246067	0.000905811258328236	0.0318221414431729	0.0157538120901041	0	0	0.0326177337300042	0.0383874599146502	0.0364139336248746	0.0412216656390402	0.567567149393207	0.0129960956312833	0	0.0450442215213479	0	0.0033921391503019	0.0190912026712312	0	0.553014076240667	0.836051067851222
d69cef23-83da-4d90-a706-9908fb7cdd13	0.018307786219085	0	0.000746169078718769	0.0204239901298118	0	0.0898084997148307	0	0.0292585492351259	0	0	0.00237837668669563	0.026497991208126	0.249406242887818	0.016795005809434	0.0240847543293208	0.488278715121883	0.000384036713958648	0.00080249505945287	0.0195951492428091	0	0.00736234878340964	0.00586988977951992	0	0.626814295551186	0.791405890187609
c133a961-598b-4885-b1ef-3e2d18306485	0.0233391753415639	0.00619678744914033	0	0.0166865860764441	0	0.0468570923211939	0	0.0218990978117625	0.0453999231752911	0	0.0368032636543758	0.0134808391497659	0.196609643656991	0.0813011294194185	0.0652126097968182	0.324076888687835	0.000183634800200925	0	0.0220406294123479	0	0	0.0999126992468516	0	0.595764107849961	0.813034917700353
ca2dd9ea-61e9-4eaf-bd29-e9d24ceb8ce8	0	0.00672248230672806	0.000556548329818589	0.0439687912737152	0	0.108630966209729	0.00196776984870946	0.0196885955124472	0	0	0.0272399684426763	0.021287395711547	0.0768308697622482	0.146071167834285	0.0187909793750991	0.485726499478014	0.00450736511196084	0	0.00445550798983805	0.0127074309512802	0.00577167026479353	0.0150759915971109	0	0.491728909793564	0.870567473393911
e41d9335-aad6-4dbb-992e-21a518b20b5e	0.0276056867849568	0	0	0.072058909711565	0	0.0857263623427466	0	0.0251764797862422	0.0216686978314902	0	0	0.0564070971319216	0.167895193129374	0	0.0282441876641322	0.3446028219765	0.00702199983463647	0	0	0.144551738903146	0.009432232286577	0.00960859261671276	0.001	0.392432541327087	0.920464612984417
19c254a1-8f23-4e64-a615-161bc29731f2	0.00940408189398133	0	0	0.0139581784891149	0	0.0760725949497797	0	0.00723726153773658	0.00200091642265334	0	0.00740402377117442	0.0100243442583782	0.293347582761636	0	0.0227164846418305	0.478802027799748	0	0	0	0.0288491575054175	0.0263161885669656	0.0238671574015841	0	0.549412476283167	0.836256038585892
1e08e2c4-0ded-410b-9518-42d8874b781e	0.0256744792314726	0	0	0.0300454646831869	0	0.0548298665242015	0	0.026855366518076	0.000876535222275894	0	0.0236545277984084	0.00499863429258167	0.0477406612020713	0.258422467589105	0.0303124205633713	0.454521455238175	0	0	0.0301063981399833	0	0.00633663697846025	0.00562508601863048	0	0.70385219592416	0.73172828489899
cd4e18c5-13d9-4c69-84a2-a51ccb662529	0.034611984855692	0	0.00211620293790824	0.0139446641729536	0	0.107238888366324	0.015015917320402	0	0.0163135330758938	0	0.0774098866169332	0	0.283168905839974	0.027073278852825	0.00229599786920012	0.379731154385961	0	0.00676730458617604	0	0.0129596613277961	0.00203377791348544	0.0193188418784752	0.037	0.172864960611	1.02610827503209
83b002c3-d42d-4461-b308-178406c777a4	0.011320318112076	0	0.00124808019206648	0.029495701061673	0	0.111906605035147	0	0.00843614957221994	0	0	0	0.0631064668265011	0.166668448851221	0.135699075277929	0.0599044314719733	0.344021585427965	0	0	0	0.0358373729849955	0	0.0323557651862324	0.038	0.170703331740617	1.02840951316022
52cf6748-a7f2-4b6d-a919-bac484b599d5	0.00386702278692961	0.00431705081334652	0	0	0	0.0850714988975077	0.00150832498452864	0	0.00145039320952295	0.0198644108869054	0.0323892976758224	0	0.213646608847871	0.0878224595944675	0.00588687983268192	0.439304339364034	0	0.00507592605527044	0.0143827025810955	0	0	0.0854130844700166	0.003	0.355873663359547	0.946958783102971
ff964e72-108e-42d0-97ed-929103c7d513	0.00946929562437104	0.00231976790427195	0	0.0217441033015477	0	0.0862568581736978	0	0	0.0137989204317237	0	0.0423784500828269	0	0.158331782939366	0.199498622148135	0.0266592233827492	0.403241231834366	0	0	0.00554447166753333	0.00977413194815487	0	0.0209831405612569	0.004	0.337447035369925	0.955520982543845
b0fe4782-5ae6-4b7d-8d07-3f193ddc9ce6	0.0119344475392362	0.000100625436183737	0	0	0	0.163997422969881	0	0.0222086668093043	0.0195317162536826	0	0.0667983984723171	0	0.0946053080551837	0.26148788606444	0.0135581673601331	0.27420825403148	0	0	0	0.0453324034227733	0	0.0262367035853852	0.00700000000000001	0.267547010138458	0.98507421676874
37836a9b-f7d4-4bbb-a962-f13f7c410d61	0.00579275623177306	0.00723993265052349	0.00188727414617873	0.00489216959127547	0.00221611740755159	0.0173311986646349	0	0.020554590231203	0.00608094667179068	0.00115382169351572	0.043726470001718	0	0.073186310021832	0.217349444604567	0.0282283795359137	0.499957026028664	0.00400973794497006	0	0	0.0437879105751892	0.00394370861925449	0.0186622053794447	0	0.786874172635599	0.661907268720369
355d681b-f382-46db-b2c3-8b23decfa00a	0.00790877853830355	0.00977417226227306	0	0.0118263605914818	0	0.0454221170496805	0.0142774578621095	0.00590441287371334	0.00197103383017393	0.00325378676378556	0.0259839323676112	0	0.170830818897639	0.168322814095806	0.0339099179506935	0.447507492623653	0.00024851578086791	0	0	0.0210090761825167	0.00227770970496649	0.0295716026247254	0.00800000000000001	0.249855776721165	1.0045840808748
7737866a-811c-444b-beb9-655ca9670b02	0.00513672485417156	0.0117629029702733	0	0.0108786247385232	0.0108337049275311	0.0866941172960378	0	0.0132469237830492	0	0	0.0158174550314244	0.0234650441726376	0.220931488364612	0.118529623162462	0.0377259175399747	0.340955223814729	0	0	0	0.0517926388649865	0.00980440369252529	0.042425206787062	0	0.686165364650177	0.757510067606524
916f1c36-3c75-426a-9c28-f295e5d359b4	0.0280157683799405	0	0	0.045913024720862	0	0.143626724284606	0	0.0261927197362215	0.00539017584376007	0.0288745842465796	0	0.0483991367118328	0.142710457006903	0	0.0297968710973776	0.383255337452072	0	0	0	0.0681708479185923	0.00702383563107911	0.0426305169701728	0.001	0.399593353756008	0.916690434654718
aa54c3fc-083e-4869-8f9d-077d475937f4	0.0041367215395989	0	0	0.0182697552641382	0	0.0882718963848978	0	0.0177345842775001	0.00353196447975028	0.0137489026513628	0	0.0484538527110922	0.187403187747676	0.0342090324907244	0.0273216523841111	0.455588111487432	0	0	0	0.0906650251394009	0.00334997933006145	0.00731533411225417	0	0.579416944930303	0.820751026872627
3d193a29-5899-443e-b464-eef49ff1ef21	0.0313720938057607	0.00627555547358327	0.0118307633393294	0.0840572966414825	0	0.0323797082678685	0	0.0202392256019903	0.0239609378305905	0	0.00821835369025892	0.0180486731645798	0.143640170569723	0.0726790140590214	0.0280497611419225	0.435007305498107	0.00752660664627651	0.00153073425485147	0.061444992022907	0	0.00456812562097926	0.00917068237076869	0	0.594253702420169	0.817779316633164
0f3b5d2f-5a41-44ca-9790-ada89ea9c405	0.0083197823332028	0.00180462620056643	0	0.0495477455333529	0	0.0961921139546248	0.00917061718187033	0.0153165151010899	0	0	0.0213698225023249	0.0154713349360068	0.166979125531325	0.0832897836649424	0.0405731090434156	0.395565814695535	0.00446950349686066	0	0	0.0428840825128019	0.0302509870094269	0.0187950363026538	0.005	0.327954251132498	0.95280296161592
e2dabfba-be38-44f4-b97e-202211bf0ea0	0.0074117583594981	0.00780614892771593	0.000777260605784247	0	0	0.202588043266843	0	0.0235181472771021	0.0208552278915574	0	0.0745248034441634	0.00220588465209299	0.0791978322514999	0.0870160531553276	0.0162814695476676	0.38902042562856	0.012491710846435	0.00106008855593605	0.0132894630977343	0	0.0229105282311744	0.0390451542609075	0.00700000000000001	0.289092116922481	0.968191659722872
f3b73738-7b34-4140-a9ad-069bc0c84f66	0.0315697519276076	0	0.00114569690228353	0.0525991834767201	0	0.182276266005005	0.0024429925509593	0.00336052139065112	0.0123378108797848	0.0013580689987269	0.0187375817301866	0.0017787199396946	0.276203517957854	0.0130812683235501	0.0411367499695101	0.339872326195089	0	0	0.0200223558090846	0	0	0.00207718794329362	0.00900000000000001	0.228567308569387	0.995972240351582
347803fb-6d71-48d0-ac00-82c93b4b4b3c	0.0074041278201591	0	0	0.00489915378112641	0	0.0519936275035709	0	0.0185207540748897	0	0	0.00683030369509298	0.0162019645081059	0.361946003765089	0	0.0220235313143383	0.405268393717129	0	0.00963891010589764	0	0.0428726255977207	0.0196849498598877	0.0327156542569927	0	0.640610841600941	0.777543946034504
c0a3ec79-35c3-48ec-9973-4c5cf1ca61fa	0.0178573091805837	0	0	0.0120267269424227	0	0.10456828972297	0	0.00136209294670709	0	0	0.0443301716100134	0	0.159654715756994	0.118378912674712	0.0655199922513975	0.383345419110903	0	0	0.0492392684672197	0	0	0.0437171013360758	0.002	0.366457491977298	0.935120024124893
4d32f2c5-4b17-48ec-8a58-a3c582fbd790	0.00910793477679992	0.00360924187429797	0.00276158419569609	0.00203638357386548	0	0.0980596014756032	0.0128717107157693	0	0	0.0127361417445783	0.0287792090132524	0.00481842634299625	0.319654507551437	0.0851811701810868	0.0127031217837453	0.268772330775377	0.00589440921814149	0.000421350680722344	0.123303126380906	0	0	0.00928974971572517	0.03	0.181163923171711	1.01952661758327
5b91bc59-edb2-4f1b-97a7-47f5fcea2deb	0.00692573083593671	0.00627918012538844	0	0.0234358825607989	0	0.103287863150517	0	0.0630286538675259	0.00331332089330651	0	0.0139509176651023	0.0577112257598361	0.143094802368242	0	0.0290331952021287	0.371961902049878	0.00247157907246841	0.00860560927801412	0	0.114951154502784	0.00663696202140229	0.0453120206466698	0.0580000000000001	0.142413909252334	1.03378469073905
d3b01263-7e9d-4919-93de-156b11fe665e	0.0187198831337589	0	0.00130658789361806	0.199269675330309	0	0.0698411416010546	0.0197173259482494	0.0588813952955441	0.0175833197191903	0.0266484253220714	0	0.0360609124584999	0.0440305973037272	0.00682429332629486	0.0698294428505569	0.34945510670361	0.0108517940590867	0	0.0522720113949443	0	0.00466996074769848	0.0140381269117861	0	0.432109746925551	0.901048962189638
07569615-c913-42f1-9899-5ea4f1211e63	0.0148715701047535	0	0	0.0344783550847371	0	0.0454919127375563	0	0.0282411036926132	0	0	0.0106428315487124	0.0200086305818077	0.0888999585472476	0.207774625587551	0.0271715534271144	0.412308237470934	0	0	0	0.0864505798790839	0.000444301153860335	0.0232163401840286	0	0.816038542492806	0.653341963367599
56db0b65-bf6a-4b87-9597-c84b82d644c2	0.000352751005628395	0.00238785243310442	0.000193699938715847	0.0141859532939786	0	0.0959594055799351	0	0.0336060569626775	0	0.036129529902985	0	0.0224224417798049	0.110903668109959	0.224849767930438	0.0141773929146837	0.303149485177557	0	0.000771464710776748	0	0.105180120719219	0	0.0357304095405371	0	0.506724096575726	0.861918372602994
b46a86c2-e33f-4f03-8f41-6a94a412efe4	0.0209816545087499	0	0	0.0128503920573132	0	0.154413671475119	0	0.0283000160110112	0.0232717464210539	0	0.0232940386979628	0	0.0408326831194855	0.109518995792161	0.0899811764748684	0.440955805467743	0	0	0.0332114572860977	0	0	0.0223883626884346	0.00600000000000001	0.299000889208692	0.967595567375484
2f64af27-e675-4d36-b86e-820f76f437fd	0.0110237229191023	0	0	0.0640200002457996	0	0.0948710813074346	0.00521385526400063	0.0206933653400631	0	0.00784861503001534	0	0.0565854573809163	0.238663851596131	0.0146102688641679	0.123548620136603	0.314251519493733	0	0	0	0.0432428878908442	0.00542675453118947	0	0	0.620156780519259	0.799983333469352
4ceb0009-f6ba-45bc-8ca5-e764a2348729	0.0131842450708086	0	0	0.0203148830320645	0	0.0879736805565181	0.0114896411552445	0.00669498049168584	0	0	0.026880551236352	0	0.113775204143395	0.0757500621736974	0.0302381826366709	0.532886042714913	0.00173671093013826	0	0.0422595373872434	0	0	0.0368162784712688	0	0.485232883464947	0.874219699969169
dfc8622a-3964-4ba7-8797-8cd340fb605f	0.0290220076145659	0	0	0.0335302579471132	0	0.0854314725608722	0	0.011871927149679	0.0329974791788228	0.00334206125977775	0.0348238648088351	0	0.0971887664798309	0.157555384864935	0.0378845273211566	0.42612008989232	0	0	0.0141650299857757	0	0	0.0360671309363166	0	0.635915288741008	0.787442184330135
a45dcd17-c3a4-4196-839a-4b79daf3fe4c	0.00146792840804686	0.00641552492731048	0	0.0322614930842136	0	0.179173478841346	0	0	0	0	0.0405657108944448	0.00604839595279858	0.143043211887963	0.00962372853211667	0.0332732420931467	0.488606634920508	0	0.00083540325606137	0	0.0129313558357773	0.000404107058267856	0.0453497843079982	0	0.494036529496246	0.869337852346584
a49d179f-159c-47a3-a4ec-77998f190a17	0.0193447213596799	0	0.000719206343788525	0.006616932911718	0	0.0986599197712037	0.0191451258963468	0.00655444405696213	0.0192815025950224	0	0.0345307184821633	0	0.258149692855591	0.101156459235673	0.0537512971884917	0.291233358915964	0	0.0116909284829885	0.0601077607182165	0	0.0104464733640465	0.00861145782214496	0.00800000000000001	0.248406950256884	0.986622180194517
1f280e18-ca94-4daa-861d-e3df3ee7c56d	0.0179739798882866	0	0	0.0123364604036971	0	0.141097705403802	0	0.0218395777174095	0.0101026317687219	0.0119037898225579	0.0172141213565849	0.0071740470889207	0.257443361059792	0.00512482337081344	0.0277719181565482	0.42230228260895	0	0.00304514572529744	0	0.0257836472405283	0.00781677838713625	0.011069730000953	0	0.526399782587364	0.852220052172992
ee3655cb-f284-49db-895c-b4c26f2d257d	0.00146158532770674	0.00599357268620606	0.00158289660561193	0.0636956943769058	0	0.153089618019258	0	0.00659661585994736	0.00203558760686674	0.0300297772166836	0.00773053138202043	0	0.0828638904603373	0.0101101615238972	0.0358790699690436	0.521445004832566	0.00389466176345245	0.000564760847227188	0.0581392749755734	0	0.00381997367705466	0.0110673228696418	0	0.460512695703658	0.887331418688459
cb9d2d25-6b98-4e46-8ca2-6ca437cc5eaf	0.013363075482638	0.000185362958158444	0	0.0201803146655711	0	0.0362703083233811	0	0.0170978293188192	0.0440397777197343	0	0.0470535181228493	0	0.100667338530109	0.248830210642846	0.0218407904943536	0.401593259553282	0	0	0.00426753353315967	0.0090449778710902	0.00774862528269789	0.0278170775013096	0.00600000000000001	0.300512641586087	0.977486219224806
a1385e59-7cd8-4ced-8a20-870104971e79	0.0192274136961169	0	0	0.015108700695056	0	0.0367263854372302	0	0.01233535117525	0.00710866530289015	0	0.0317989501444333	0.00318380143793825	0.0813001562570984	0.33375869465542	0.0299032976320843	0.394976752477738	0	0	0.00617496867587246	0.00720964599812025	0.00357646162175331	0.0176107547929984	0	0.742905648999276	0.693674109386568
594b75a5-34c7-43d2-865d-cc0b0f143827	0.0128888519533323	1.92777724422758e-05	0	0.0290647665720317	0	0.0692019869985376	0	0.0169329337304467	0.00237688713302047	0	0.020925989964266	0.019104617388732	0.254676244425187	0.0790761301657312	0.0090163880063435	0.346534009924004	0	0.00450122869671238	0	0.102493864973511	0.017667329095738	0.0155194931999635	0.016	0.206284479051929	1.01366860946351
29ee631c-e083-4ee0-a728-e01fe4a89162	0.0150436095314558	0	0	0.0183224279228196	0	0.0840340082605492	0.00351096591081719	0.00965973578158554	0.00628836122366221	0	0.0370356327812152	0.000649028262929847	0.193416571847392	0.190290028502156	0.00792034447405202	0.353212810230978	0.00485643828574745	0	0.0417366441555722	0	0.00383651424378653	0.0301868785852808	0	0.503036113688818	0.864474812837498
0a348c02-6822-4f30-950d-ca469689f5f0	0.0141077321264973	0	0	0.0325177346576375	0	0.0980033871038622	0.00132787442374725	0.00938405141814063	0.0168083180527598	0	0.0348136580407607	0	0.165659159744273	0	0.0257094100289052	0.508357586843541	0.00481883850740363	0.00854428307257719	0.0528584006053203	0	0	0.0270895653745748	0.003	0.34609767909919	0.945446664736978
ea28a45b-ebe2-4b64-83b6-8592d623718f	0	0	0.000241180543634538	0.03516998774305	0	0.134001690469015	0	0.0393596546431802	0.00486451818052076	0	0.019770579106079	0.0285411032294639	0.162697198852411	0.112239328095196	0.035573177830227	0.326779450547373	0	0.00434571600873802	0	0.0455514154908311	0.0140100667371531	0.0368549325231277	0.00700000000000001	0.27452476720102	0.976165664868064
af70fa22-012e-457d-8370-9f7b8abf3109	0.00344885448607731	0.00600704595031318	0	0.0364000841094386	0	0.161045343415334	0.00228225534668242	0.0238145831645568	0	0	0.0190190950090909	0.0243581930649797	0.227253030847672	0	0.0587737154943703	0.374079296403493	0	0.00316037389600342	0.0465325619217202	0	0.00952919349837706	0.00429637339189074	0	0.622560704924082	0.804545549721764
a7c3d5b1-2a6e-40e5-8322-28a4e5bd3483	0.00926230450637306	0	0	0.0111167798229246	0	0.0457345778196048	0.000597726809882132	0.0151647666808519	0	0.026880745576265	0.00824043033052051	0.00205671245754376	0.0636544869007572	0.35599526382041	0.0259985900825924	0.37663064569303	0	0	0	0.0449900580160886	0.0093047455592628	0.00437216592389322	0	0.75053810153468	0.685534201433375
efd7c102-95dd-4040-b30a-08ba642ec3b5	0.00502977381647323	0.0142015006193218	0	0.0141826776754645	0	0.094600673824318	0	0.0237399579128077	0.0179894914095737	0	0.0029921357292697	0.0227175874063278	0.204151857969066	0.0455170922716121	0.0267088014420762	0.415676633217974	0.00304303345449077	0	0	0.100870655927117	0.00668259167224751	0.00189553565185913	0	0.468695956718783	0.883019073912977
d5fb4219-3158-4234-9cbb-630cec133a54	0.0251049412227653	0	0	0.0306738691406852	0	0.114247967566562	0	0.029387497718861	0.00384144608985725	0.000713344713410713	0.0267833295635216	0.00760582501384158	0.0509746073098346	0.162106032408473	0.0844316929902135	0.408787519858124	0	0	0.0261859373860127	0	0	0.029155989017838	0	0.606716695957934	0.805551545117902
cff867bf-316e-4528-ba44-8d69424b82ed	0.0300090356267658	0	0.00128292471283201	0.0830785620837081	0	0.0975331112316146	0.0170871082367085	0.0148823605757823	0.0132548371287308	0.0107324275190508	0.00760294359017251	0	0.244571701192572	0.0586386691426962	0.0426556735058848	0.329658927214787	0	0.00397013864141528	0.0197776032394262	0	0.00139620167671619	0.0238677746811366	0.00700000000000001	0.276820954838456	0.974253512227697
61663fe5-e8cc-4773-836e-85d82f749393	0.0204702766761418	0.0219414849389245	0	0.0331912956681389	0.00475012627014012	0.0511766314613864	0	0.00620628728222576	0.0086188049085837	0	0.0460222936318367	0	0.074165988410439	0.0826552757854695	0.0422556231137994	0.528201940940323	0.00624889722564631	0	0.0390405792561925	0	0	0.0350544944307528	0	0.633921466668281	0.786973178984313
046dc147-c05b-473a-8557-279b65b5b871	0.0236208950359453	0	0	0.00212377182809076	0.0141619807464276	0.0375651569806651	0	0.0112728857137229	0	0	0.0696931425011783	0	0.122629439621953	0.208294171320577	0.0315072334044549	0.410489972998612	0	0	0.0115844876454272	0	0.00196088519319473	0.0550959770097517	0	0.776343802874018	0.682896140818846
eab57d7e-dfc2-4ee0-b850-0cbdfd97a70f	0.0114619798132244	0.00411251816734564	0	0	0	0.119075204693347	0	0.014202261521601	0.0342428074859376	0	0.0594228745681944	0	0.0523970241631657	0.256168787069554	0.0339448275452372	0.362229658316038	0	0	0.0232527798660432	0	0.0025343917600788	0.0269548850302327	0	0.573491315689924	0.823189889316648
35d9e2e0-1a27-4459-a712-0349af302c2c	0.0065219875794372	0.00195536820053838	0	0.0205292882703981	0	0.0819557349083524	0	0.0181267606374115	0	0.0223037426305327	0	0.049275432576197	0.171149518811501	0.0422291344314185	0.0447035358161924	0.420481447646308	0.000577390290352922	0	0	0.0484302903909688	0.0537570192073591	0.0180033486030318	0	0.481726229676735	0.87591298559069
0f129529-8b04-41bb-b847-9b6b1f21f00c	0.0158976744473506	0	0.000920474072526699	0.00500755642865829	0	0.0264190793141689	0	0.0331952928380353	0.0197656516124394	0	0.0515075521711973	0	0.0825826220219858	0.206788478892474	0.0222616980181974	0.48228488905233	0	0	0.00456656329512101	0.0119547361808626	0.00905036447215895	0.0277973671824935	0	0.73814204026124	0.706594119221207
7b43b921-0a8b-46d3-9ab4-91cde851b6f7	0.0288029720967195	0	4.28494968221394e-05	0.0464411294939501	0	0.0191462363214507	0.0142813603911397	0.0132000885023595	0	0	0.0263295976904891	0	0.343259361105442	0.0287883078973014	0.0291715103001744	0.380926235384838	0.00176541450214843	0	0	0.0236542707366192	0.0138467119212995	0.0303439541592456	0	0.542506494645617	0.840813871535334
a67adb48-587a-4b1b-9274-2f2365c79bde	0.00235694468908227	0.0213392920303635	0	0	0	0.0839472549735795	0	0.0107218216244773	0	0	0.0286583136972739	0.0145718887027848	0.181203702177869	0.060380135135432	0.145035026409501	0.361959866311694	0	0	0.0794951482421791	0	0.00113707795071459	0.00919352805504866	0	0.564867012916722	0.830092947125727
88e7f303-a3de-47e1-8311-909b39a9f8f0	0.00846904855837455	0.00359474698433322	0	0.0518101384857387	0	0.102820171941975	0	0.0261815114033704	0	0	0	0.0759966017774027	0.139258938523583	0.0280970899653991	0.0516305912978773	0.421983663370443	0.00486237864642172	0	0	0.0223134627267329	0.0464231443575228	0.0165585119608252	0	0.617878471499	0.803104694854178
33a5d56f-56a2-4569-874e-ffacf48a9f22	0.01772364728472	0	0.00221611311270046	0.0164455318585733	0	0.0654087572778246	0	0.0143502211053679	0.00741403146210308	0.00160355703455021	0.0369200684733656	0.00174012114265686	0.111117922436168	0.200932503413337	0.0228813591473776	0.433005286117281	0	0	0	0.0403340997981402	0.0132936903631996	0.014613089972635	0	0.543336921836573	0.840127488336335
63a82410-2665-463d-9c94-9e7691b48182	0.0185420296929286	0	0.000631830700910848	0.0058194256171393	0	0.108365131192422	0	0.0775147581020341	0.00462097402552894	0.0257971110680605	0.0180344908761781	0.0275773251866276	0.0862319348653182	0.0938112336389737	0.0594459041578482	0.336093833398291	0	0.0151929248486952	0	0.104575778611971	0.00459134720714154	0.0131539668099301	0	0.544368893299609	0.844896323191023
2ae4257e-7fbb-4654-bfb0-7bd815df53cb	0.00653961415967176	0.0134590272557193	0.00267079181029558	0.0906933513195135	0	0.0314913048390836	0	0.0321773956390165	0.018044984043829	0.0194620933177211	0.0185868680549184	0	0.0350620472956974	0.207713062328265	0.0440606091091813	0.370607634293214	0.01497712444227	0	0	0.0698247542134167	0.00696680903496318	0.0176625288432236	0	0.753217243601313	0.712020781817243
2aa6832b-88d7-4a60-9216-10d986ccb295	0.00886518892879131	0.0210614338353284	0	0	0	0.0952722896824017	0.00869961198215808	0.00459943673457193	0	0	0.0449569002999636	0	0.226941811951914	0.02923352272261	0.0357713788211762	0.44478107311272	0	0.00564567889247251	0.0607549921672434	0	0	0.0134166808686486	0	0.54170924302547	0.84407395378111
24114217-96a6-4cb7-bb52-7b63573cd716	0.00195351056347257	0.00446247636656406	0	0.0121550015421473	0	0.14296794453336	0.00170161043740712	0.0130804449872032	0	0	0.0334682712983859	0	0.243956709810847	0	0.0622420873620339	0.399947270227202	0	0.00550835966946754	0.0548146800348013	0	0	0.0237416331671077	0	0.494814919288105	0.869604130799233
6446bd9d-9ac7-40bd-a81f-2a9b0b7aa431	0.0341015829534881	0	0.00404034068267662	0.176918435097328	0	0.00759264892465793	0.0377883942120364	0.0269716376319608	0.0555753517254883	0.00915022400844186	0.0419283218354229	0	0.0144301242840598	0.199420206888491	0.0287529882019855	0.333311565488191	0.0044209666147764	0	0.0099964153681011	0	0	0.0156007960828944	0	0.604726465490984	0.810220298666411
c8da890e-b3a2-4762-b044-5cf2e7a46b54	0.00850550149794391	9.08694514117004e-05	0	0	0	0.0723993281225824	0	0.0122103679640093	0.00291071114760008	0	0.00135286463452969	0.0120342295782029	0.096694106305401	0.218567615653299	0.0244905091962028	0.451105586269158	0	0	0	0.0697002302593312	0.0127869820909165	0.0171510978294114	0	0.747098102211971	0.697882018652494
b6d71c35-387f-48a1-b462-95a3bc201b72	0.0081713134320985	0.00393098660403717	0	0.00779249163387592	0	0.128711123945213	0	0.0136074098982617	0.016701220617957	0	0.047765436827523	0.00616983582051273	0.218973117327237	0.0695759099161663	0.00768815409020636	0.40337282292757	0.00523087403797876	0.00630870061430259	0.0242533969789428	0	0.0121441051269172	0.019603100201199	0.00600000000000001	0.314238817995348	0.960267213434804
cb451b15-7a55-4221-bb6f-26b02664a662	0.00807110780208035	0.00488809262299829	0.0101865879398613	0.124169687062484	0	0.0773457385185986	0	0.0195175099656674	0.0285447721189893	0	0	0.0226416209091599	0.0410110318985487	0.15222095181399	0.0243475836998143	0.442112229342652	0	0	0.0034189756198817	0.0209253453087259	0.00304695090976351	0.0175518144667846	0	0.450463288115541	0.892686333681216
43136870-e170-4d34-9197-8be9e39d4a08	0.00864499173960604	0.0115168497338742	0	0.0483300247137563	0	0.0288155034087884	0.0186432888844584	0.0319253358312517	0.0267543356659105	0	0.021409976464038	0.00720770235850309	0.052816275899937	0.188572281828181	0.0370019552967144	0.454742595106968	0	0	0.0469899993881844	0	0	0.0166288836798285	0	0.646750399248744	0.778626497182474
d2a0185d-b34f-4892-9c1f-b6204cc1187b	0.0102146864579226	0	0	0.0304986431296524	0	0.0342526038756194	0.00424157498809324	0.0371637676878831	0.033275761915717	0	0.0460185743954418	0	0.0444573349847067	0.27461198887562	0.0205807055172628	0.39405532946546	0	0	0.0091815557243521	0.0205334166762086	0.0210946690724848	0.0198193872335751	0	0.743660058412079	0.706373403825076
310566fe-77ec-44a9-a284-e744ed859c1f	0.0023360469351434	0.0156075475914888	0.00175629420803256	0.0266283706045098	0	0.0487537540390236	0	0.0082440312288843	0	0.0140847830408576	0.00725590890614497	0.0229715993367916	0.0950989589442811	0.0951103748605797	0.0217281811509968	0.551274382337456	0	0	0	0.0593416984358926	0.000244057563169967	0.0295640108167469	0	0.694313799031539	0.740490664511398
c13be68a-6f03-40fb-81f7-0877420e18c2	0.00378782025294459	0.00718448966178062	0.000106991795762187	0.0601046258697291	0	0.0918812106171366	0.0119009566430102	0.0184809223214266	0	0.0567714559594466	0	0.0214634450751573	0.200830823658181	0	0.0409194877680113	0.441700819333846	0.000558284451953104	0	0	0.0290297043458974	0.00519044608480489	0.0100885161609124	0	0.475109623804616	0.879529085908017
9501aaea-1962-4456-8079-8b76a933af61	0.0107392222064511	0	0	0.0264477760655285	0	0.0902315186523362	0.0982402781510028	0	0.00678144349064335	0	0.0437788952934277	0	0.280023264292065	0.0519779139920151	0.00847273833460263	0.328549223532221	0.00197243315046541	0	0.0338696844917493	0	0.00389034746263309	0.0150252608848582	0.041	0.162704585392825	1.02461933509419
389be61b-dcc0-4b3c-b0cd-cf068e227748	0.0306915401135563	0	0.00145180097660342	0.0452797143353567	0	0.0419832300867963	0	0.0304086833547032	0.0302668291310388	0	0.0656510441854507	0	0.041450483839274	0.269147388933956	0.0218386424991948	0.364547583199734	0	0	0.0096440965657536	0.014450077279779	0.00780449289814433	0.0253843926006591	0	0.70464176955419	0.738870335812175
6b416e9e-ec48-4341-a9ee-13f1513afab9	0.00939236083804751	0	0	0.0461434801224517	0	0.0498129573418125	0	0.0101618242987409	0.0134327361795376	0	0	0.0223769158131654	0.201473879873991	0	0.0181865417605876	0.453487617673707	0	0.00594315507270426	0	0.0423521898146803	0	0.127236341210574	0	0.762311969979016	0.695073579085564
885e2764-3c59-4631-89fb-504cbd4c861d	0	0.0292981864938521	0	0.0128049730151477	0	0.0526537299850282	0.0110568783491786	0.0199906366286561	0	0	0	0.0172140913785493	0.14789329329365	0.194167975326717	0.0324682396712215	0.462951480664562	0	0	0.00162925197483432	0.00336685158465614	0.00872938418048822	0.00577502745345845	0	0.566784115699685	0.825106287827323
7c1a7e3b-62db-4ed2-8d4c-9d5fd7bb8448	0.0108494231108004	0	0	0.00649951621437184	0	0.1455057079677	0	0.0183925481275441	0.0142162467824306	0	0.0105802165414139	0.039968308760157	0.160150811055108	0	0.0739404278944751	0.489896642171858	0.00337739435565539	0	0.0127530490274757	0	0.00197548765454409	0.011894220336465	0.004	0.340232294535364	0.948439738268206
